-7.000000 -5.799989
-6.986000 -5.799974
-6.972000 -5.799920
-6.958000 -5.799829
-6.944000 -5.799700
-6.930000 -5.799535
-6.916000 -5.799335
-6.902000 -5.799101
-6.888000 -5.798836
-6.874000 -5.798541
-6.860000 -5.798219
-6.846000 -5.797873
-6.832000 -5.797504
-6.818000 -5.797116
-6.804000 -5.796712
-6.790000 -5.796295
-6.776000 -5.795868
-6.762000 -5.795434
-6.748000 -5.794998
-6.734000 -5.794561
-6.720000 -5.794128
-6.706000 -5.793702
-6.692000 -5.793287
-6.678000 -5.792885
-6.664000 -5.792499
-6.650000 -5.792134
-6.636000 -5.791790
-6.622000 -5.791473
-6.608000 -5.791182
-6.594000 -5.790922
-6.580000 -5.790694
-6.566000 -5.790499
-6.552000 -5.790340
-6.538000 -5.790218
-6.524000 -5.790133
-6.510000 -5.790087
-6.496000 -5.790079
-6.482000 -5.790109
-6.468000 -5.790178
-6.454000 -5.790285
-6.440000 -5.790429
-6.426000 -5.790610
-6.412000 -5.790824
-6.398000 -5.791071
-6.384000 -5.791350
-6.370000 -5.791657
-6.356000 -5.791990
-6.342000 -5.792348
-6.328000 -5.792726
-6.314000 -5.793122
-6.300000 -5.793533
-6.286000 -5.793956
-6.272000 -5.794387
-6.258000 -5.794824
-6.244000 -5.795262
-6.230000 -5.795699
-6.216000 -5.796130
-6.202000 -5.796553
-6.188000 -5.796965
-6.174000 -5.797362
-6.160000 -5.797741
-6.146000 -5.798099
-6.132000 -5.798434
-6.118000 -5.798743
-6.104000 -5.799024
-6.090000 -5.799273
-6.076000 -5.799491
-6.062000 -5.799674
-6.048000 -5.799822
-6.034000 -5.799933
-6.020000 -5.800007
-6.006000 -5.800042
-5.992000 -5.800040
-5.978000 -5.799999
-5.964000 -5.799920
-5.950000 -5.799803
-5.936000 -5.799650
-5.922000 -5.799462
-5.908000 -5.799240
-5.894000 -5.798986
-5.880000 -5.798701
-5.866000 -5.798388
-5.852000 -5.798050
-5.838000 -5.797689
-5.824000 -5.797307
-5.810000 -5.796908
-5.796000 -5.796494
-5.782000 -5.796070
-5.768000 -5.795637
-5.754000 -5.795200
-5.740000 -5.794762
-5.726000 -5.794326
-5.712000 -5.793896
-5.698000 -5.793475
-5.684000 -5.793066
-5.670000 -5.792672
-5.656000 -5.792297
-5.642000 -5.791943
-5.628000 -5.791613
-5.614000 -5.791310
-5.600000 -5.791036
-5.586000 -5.790794
-5.572000 -5.790584
-5.558000 -5.790409
-5.544000 -5.790271
-5.530000 -5.790169
-5.516000 -5.790106
-5.502000 -5.790081
-5.488000 -5.790095
-5.474000 -5.790147
-5.460000 -5.790238
-5.446000 -5.790366
-5.432000 -5.790531
-5.418000 -5.790730
-5.404000 -5.790964
-5.390000 -5.791229
-5.376000 -5.791524
-5.362000 -5.791846
-5.348000 -5.792193
-5.334000 -5.792563
-5.320000 -5.792951
-5.306000 -5.793356
-5.292000 -5.793775
-5.278000 -5.794203
-5.264000 -5.794637
-5.250000 -5.795075
-5.236000 -5.795513
-5.222000 -5.795947
-5.208000 -5.796374
-5.194000 -5.796791
-5.180000 -5.797194
-5.166000 -5.797582
-5.152000 -5.797949
-5.138000 -5.798294
-5.124000 -5.798614
-5.110000 -5.798907
-5.096000 -5.799171
-5.082000 -5.799402
-5.068000 -5.799600
-5.054000 -5.799763
-5.040000 -5.799890
-5.026000 -5.799980
-5.012000 -5.800032
-4.998000 -5.800046
-4.984000 -5.800021
-4.970000 -5.799958
-4.956000 -5.799858
-4.942000 -5.799720
-4.928000 -5.799547
-4.914000 -5.799339
-4.900000 -5.799098
-4.886000 -5.798827
-4.872000 -5.798526
-4.858000 -5.798198
-4.844000 -5.797846
-4.830000 -5.797473
-4.816000 -5.797081
-4.802000 -5.796673
-4.788000 -5.796253
-4.774000 -5.795823
-4.760000 -5.795388
-4.746000 -5.794950
-4.732000 -5.794513
-4.718000 -5.794080
-4.704000 -5.793654
-4.690000 -5.793239
-4.676000 -5.792839
-4.662000 -5.792455
-4.648000 -5.792092
-4.634000 -5.791751
-4.620000 -5.791437
-4.606000 -5.791150
-4.592000 -5.790894
-4.578000 -5.790670
-4.564000 -5.790480
-4.550000 -5.790326
-4.536000 -5.790208
-4.522000 -5.790128
-4.508000 -5.790087
-4.494000 -5.790084
-4.480000 -5.790120
-4.466000 -5.790194
-4.452000 -5.790307
-4.438000 -5.790456
-4.424000 -5.790640
-4.410000 -5.790860
-4.396000 -5.791111
-4.382000 -5.791394
-4.368000 -5.791705
-4.354000 -5.792042
-4.340000 -5.792402
-4.326000 -5.792783
-4.312000 -5.793181
-4.298000 -5.793594
-4.284000 -5.794018
-4.270000 -5.794450
-4.256000 -5.794887
-4.242000 -5.795325
-4.228000 -5.795761
-4.214000 -5.796192
-4.200000 -5.796614
-4.186000 -5.797023
-4.172000 -5.797418
-4.158000 -5.797794
-4.144000 -5.798149
-4.130000 -5.798480
-4.116000 -5.798785
-4.102000 -5.799061
-4.088000 -5.799307
-4.074000 -5.799519
-4.060000 -5.799698
-4.046000 -5.799840
-4.032000 -5.799946
-4.018000 -5.800014
-4.004000 -5.800044
-3.990000 -5.800036
-3.976000 -5.799990
-3.962000 -5.799905
-3.948000 -5.799784
-3.934000 -5.799626
-3.920000 -5.799432
-3.906000 -5.799206
-3.892000 -5.798947
-3.878000 -5.798658
-3.864000 -5.798342
-3.850000 -5.798000
-3.836000 -5.797635
-3.822000 -5.797251
-3.808000 -5.796849
-3.794000 -5.796434
-3.780000 -5.796008
-3.766000 -5.795575
-3.752000 -5.795138
-3.738000 -5.794700
-3.724000 -5.794264
-3.710000 -5.793835
-3.696000 -5.793415
-3.682000 -5.793008
-3.668000 -5.792617
-3.654000 -5.792245
-3.640000 -5.791894
-3.626000 -5.791568
-3.612000 -5.791269
-3.598000 -5.791000
-3.584000 -5.790762
-3.570000 -5.790557
-3.556000 -5.790387
-3.542000 -5.790254
-3.528000 -5.790158
-3.514000 -5.790100
-3.500000 -5.790081
-3.486000 -5.790100
-3.472000 -5.790158
-3.458000 -5.790254
-3.444000 -5.790387
-3.430000 -5.790557
-3.416000 -5.790762
-3.402000 -5.791000
-3.388000 -5.791269
-3.374000 -5.791568
-3.360000 -5.791894
-3.346000 -5.792245
-3.332000 -5.792617
-3.318000 -5.793008
-3.304000 -5.793415
-3.290000 -5.793835
-3.276000 -5.794264
-3.262000 -5.794700
-3.248000 -5.795138
-3.234000 -5.795575
-3.220000 -5.796008
-3.206000 -5.796434
-3.192000 -5.796849
-3.178000 -5.797251
-3.164000 -5.797635
-3.150000 -5.798000
-3.136000 -5.798342
-3.122000 -5.798658
-3.108000 -5.798947
-3.094000 -5.799206
-3.080000 -5.799432
-3.066000 -5.799626
-3.052000 -5.799784
-3.038000 -5.799905
-3.024000 -5.799990
-3.010000 -5.800036
-2.996000 -5.800044
-2.982000 -5.800014
-2.968000 -5.799946
-2.954000 -5.799840
-2.940000 -5.799698
-2.926000 -5.799519
-2.912000 -5.799307
-2.898000 -5.799061
-2.884000 -5.798785
-2.870000 -5.798480
-2.856000 -5.798149
-2.842000 -5.797794
-2.828000 -5.797418
-2.814000 -5.797023
-2.800000 -5.796614
-2.786000 -5.796192
-2.772000 -5.795761
-2.758000 -5.795325
-2.744000 -5.794887
-2.730000 -5.794450
-2.716000 -5.794018
-2.702000 -5.793594
-2.688000 -5.793181
-2.674000 -5.792783
-2.660000 -5.792402
-2.646000 -5.792042
-2.632000 -5.791705
-2.618000 -5.791394
-2.604000 -5.791111
-2.590000 -5.790860
-2.576000 -5.790640
-2.562000 -5.790456
-2.548000 -5.790307
-2.534000 -5.790194
-2.520000 -5.790120
-2.506000 -5.790084
-2.492000 -5.790087
-2.478000 -5.790128
-2.464000 -5.790208
-2.450000 -5.790326
-2.436000 -5.790480
-2.422000 -5.790670
-2.408000 -5.790894
-2.394000 -5.791150
-2.380000 -5.791437
-2.366000 -5.791751
-2.352000 -5.792092
-2.338000 -5.792455
-2.324000 -5.792839
-2.310000 -5.793239
-2.296000 -5.793654
-2.282000 -5.794080
-2.268000 -5.794513
-2.254000 -5.794950
-2.240000 -5.795388
-2.226000 -5.795823
-2.212000 -5.796253
-2.198000 -5.796673
-2.184000 -5.797081
-2.170000 -5.797473
-2.156000 -5.797846
-2.142000 -5.798198
-2.128000 -5.798526
-2.114000 -5.798827
-2.100000 -5.799098
-2.086000 -5.799339
-2.072000 -5.799547
-2.058000 -5.799720
-2.044000 -5.799858
-2.030000 -5.799958
-2.016000 -5.800021
-2.002000 -5.800046
-1.988000 -5.800032
-1.974000 -5.799980
-1.960000 -5.799890
-1.946000 -5.799763
-1.932000 -5.799600
-1.918000 -5.799402
-1.904000 -5.799171
-1.890000 -5.798907
-1.876000 -5.798614
-1.862000 -5.798294
-1.848000 -5.797949
-1.834000 -5.797582
-1.820000 -5.797194
-1.806000 -5.796791
-1.792000 -5.796374
-1.778000 -5.795947
-1.764000 -5.795513
-1.750000 -5.795075
-1.736000 -5.794637
-1.722000 -5.794203
-1.708000 -5.793775
-1.694000 -5.793356
-1.680000 -5.792951
-1.666000 -5.792563
-1.652000 -5.792193
-1.638000 -5.791846
-1.624000 -5.791524
-1.610000 -5.791229
-1.596000 -5.790964
-1.582000 -5.790730
-1.568000 -5.790531
-1.554000 -5.790366
-1.540000 -5.790238
-1.526000 -5.790147
-1.512000 -5.790095
-1.498000 -5.790081
-1.484000 -5.790106
-1.470000 -5.790169
-1.456000 -5.790271
-1.442000 -5.790409
-1.428000 -5.790584
-1.414000 -5.790794
-1.400000 -5.791036
-1.386000 -5.791310
-1.372000 -5.791613
-1.358000 -5.791943
-1.344000 -5.792297
-1.330000 -5.792672
-1.316000 -5.793066
-1.302000 -5.793475
-1.288000 -5.793896
-1.274000 -5.794326
-1.260000 -5.794762
-1.246000 -5.795200
-1.232000 -5.795637
-1.218000 -5.796070
-1.204000 -5.796494
-1.190000 -5.796908
-1.176000 -5.797307
-1.162000 -5.797689
-1.148000 -5.798050
-1.134000 -5.798388
-1.120000 -5.798701
-1.106000 -5.798986
-1.092000 -5.799240
-1.078000 -5.799462
-1.064000 -5.799650
-1.050000 -5.799803
-1.036000 -5.799920
-1.022000 -5.799999
-1.008000 -5.800040
-0.994000 -5.800042
-0.980000 -5.800007
-0.966000 -5.799933
-0.952000 -5.799822
-0.938000 -5.799674
-0.924000 -5.799491
-0.910000 -5.799274
-0.896000 -5.799024
-0.882000 -5.798743
-0.868000 -5.798435
-0.854000 -5.798100
-0.840000 -5.797742
-0.826000 -5.797363
-0.812000 -5.796966
-0.798000 -5.796554
-0.784000 -5.796131
-0.770000 -5.795699
-0.756000 -5.795263
-0.742000 -5.794825
-0.728000 -5.794388
-0.714000 -5.793957
-0.700000 -5.793534
-0.686000 -5.793123
-0.672000 -5.792727
-0.658000 -5.792349
-0.644000 -5.791992
-0.630000 -5.791659
-0.616000 -5.791352
-0.602000 -5.791074
-0.588000 -5.790826
-0.574000 -5.790612
-0.560000 -5.790432
-0.546000 -5.790288
-0.532000 -5.790181
-0.518000 -5.790113
-0.504000 -5.790082
-0.490000 -5.790090
-0.476000 -5.790137
-0.462000 -5.790223
-0.448000 -5.790345
-0.434000 -5.790505
-0.420000 -5.790700
-0.406000 -5.790928
-0.392000 -5.791189
-0.378000 -5.791480
-0.364000 -5.791798
-0.350000 -5.792142
-0.336000 -5.792509
-0.322000 -5.792895
-0.308000 -5.793298
-0.294000 -5.793714
-0.280000 -5.794141
-0.266000 -5.794575
-0.252000 -5.795012
-0.238000 -5.795450
-0.224000 -5.795885
-0.210000 -5.796314
-0.196000 -5.796732
-0.182000 -5.797138
-0.168000 -5.797527
-0.154000 -5.797898
-0.140000 -5.798246
-0.126000 -5.798570
-0.112000 -5.798867
-0.098000 -5.799135
-0.084000 -5.799371
-0.070000 -5.799574
-0.056000 -5.799742
-0.042000 -5.799874
-0.028000 -5.799969
-0.014000 -5.800027
0.000000 -5.800046
0.014000 -5.800027
0.028000 -5.799969
0.042000 -5.799874
0.056000 -5.799742
0.070000 -5.799574
0.084000 -5.799371
0.098000 -5.799135
0.112000 -5.798867
0.126000 -5.798570
0.140000 -5.798246
0.154000 -5.797898
0.168000 -5.797527
0.182000 -5.797138
0.196000 -5.796732
0.210000 -5.796314
0.224000 -5.795885
0.238000 -5.795450
0.252000 -5.795012
0.266000 -5.794575
0.280000 -5.794141
0.294000 -5.793714
0.308000 -5.793298
0.322000 -5.792895
0.336000 -5.792509
0.350000 -5.792142
0.364000 -5.791798
0.378000 -5.791480
0.392000 -5.791189
0.406000 -5.790928
0.420000 -5.790700
0.434000 -5.790505
0.448000 -5.790345
0.462000 -5.790223
0.476000 -5.790137
0.490000 -5.790090
0.504000 -5.790082
0.518000 -5.790113
0.532000 -5.790181
0.546000 -5.790288
0.560000 -5.790432
0.574000 -5.790612
0.588000 -5.790826
0.602000 -5.791074
0.616000 -5.791352
0.630000 -5.791659
0.644000 -5.791992
0.658000 -5.792349
0.672000 -5.792727
0.686000 -5.793123
0.700000 -5.793534
0.714000 -5.793957
0.728000 -5.794388
0.742000 -5.794825
0.756000 -5.795263
0.770000 -5.795699
0.784000 -5.796131
0.798000 -5.796554
0.812000 -5.796966
0.826000 -5.797363
0.840000 -5.797742
0.854000 -5.798100
0.868000 -5.798435
0.882000 -5.798743
0.896000 -5.799024
0.910000 -5.799274
0.924000 -5.799491
0.938000 -5.799674
0.952000 -5.799822
0.966000 -5.799933
0.980000 -5.800007
0.994000 -5.800042
1.008000 -5.800040
1.022000 -5.799999
1.036000 -5.799920
1.050000 -5.799803
1.064000 -5.799650
1.078000 -5.799462
1.092000 -5.799240
1.106000 -5.798986
1.120000 -5.798701
1.134000 -5.798388
1.148000 -5.798050
1.162000 -5.797689
1.176000 -5.797307
1.190000 -5.796908
1.204000 -5.796494
1.218000 -5.796070
1.232000 -5.795637
1.246000 -5.795200
1.260000 -5.794762
1.274000 -5.794326
1.288000 -5.793896
1.302000 -5.793475
1.316000 -5.793066
1.330000 -5.792672
1.344000 -5.792297
1.358000 -5.791943
1.372000 -5.791613
1.386000 -5.791310
1.400000 -5.791036
1.414000 -5.790794
1.428000 -5.790584
1.442000 -5.790409
1.456000 -5.790271
1.470000 -5.790169
1.484000 -5.790106
1.498000 -5.790081
1.512000 -5.790095
1.526000 -5.790147
1.540000 -5.790238
1.554000 -5.790366
1.568000 -5.790531
1.582000 -5.790730
1.596000 -5.790964
1.610000 -5.791229
1.624000 -5.791524
1.638000 -5.791846
1.652000 -5.792193
1.666000 -5.792563
1.680000 -5.792951
1.694000 -5.793356
1.708000 -5.793775
1.722000 -5.794203
1.736000 -5.794637
1.750000 -5.795075
1.764000 -5.795513
1.778000 -5.795947
1.792000 -5.796374
1.806000 -5.796791
1.820000 -5.797194
1.834000 -5.797582
1.848000 -5.797949
1.862000 -5.798294
1.876000 -5.798614
1.890000 -5.798907
1.904000 -5.799171
1.918000 -5.799402
1.932000 -5.799600
1.946000 -5.799763
1.960000 -5.799890
1.974000 -5.799980
1.988000 -5.800032
2.002000 -5.800046
2.016000 -5.800021
2.030000 -5.799958
2.044000 -5.799858
2.058000 -5.799720
2.072000 -5.799547
2.086000 -5.799339
2.100000 -5.799098
2.114000 -5.798827
2.128000 -5.798526
2.142000 -5.798198
2.156000 -5.797846
2.170000 -5.797473
2.184000 -5.797081
2.198000 -5.796673
2.212000 -5.796253
2.226000 -5.795823
2.240000 -5.795388
2.254000 -5.794950
2.268000 -5.794513
2.282000 -5.794080
2.296000 -5.793654
2.310000 -5.793239
2.324000 -5.792839
2.338000 -5.792455
2.352000 -5.792092
2.366000 -5.791751
2.380000 -5.791437
2.394000 -5.791150
2.408000 -5.790894
2.422000 -5.790670
2.436000 -5.790480
2.450000 -5.790326
2.464000 -5.790208
2.478000 -5.790128
2.492000 -5.790087
2.506000 -5.790084
2.520000 -5.790120
2.534000 -5.790194
2.548000 -5.790307
2.562000 -5.790456
2.576000 -5.790640
2.590000 -5.790860
2.604000 -5.791111
2.618000 -5.791394
2.632000 -5.791705
2.646000 -5.792042
2.660000 -5.792402
2.674000 -5.792783
2.688000 -5.793181
2.702000 -5.793594
2.716000 -5.794018
2.730000 -5.794450
2.744000 -5.794887
2.758000 -5.795325
2.772000 -5.795761
2.786000 -5.796192
2.800000 -5.796614
2.814000 -5.797023
2.828000 -5.797418
2.842000 -5.797794
2.856000 -5.798149
2.870000 -5.798480
2.884000 -5.798785
2.898000 -5.799061
2.912000 -5.799307
2.926000 -5.799519
2.940000 -5.799698
2.954000 -5.799840
2.968000 -5.799946
2.982000 -5.800014
2.996000 -5.800044
3.010000 -5.800036
3.024000 -5.799990
3.038000 -5.799905
3.052000 -5.799784
3.066000 -5.799626
3.080000 -5.799432
3.094000 -5.799206
3.108000 -5.798947
3.122000 -5.798658
3.136000 -5.798342
3.150000 -5.798000
3.164000 -5.797635
3.178000 -5.797251
3.192000 -5.796849
3.206000 -5.796434
3.220000 -5.796008
3.234000 -5.795575
3.248000 -5.795138
3.262000 -5.794700
3.276000 -5.794264
3.290000 -5.793835
3.304000 -5.793415
3.318000 -5.793008
3.332000 -5.792617
3.346000 -5.792245
3.360000 -5.791894
3.374000 -5.791568
3.388000 -5.791269
3.402000 -5.791000
3.416000 -5.790762
3.430000 -5.790557
3.444000 -5.790387
3.458000 -5.790254
3.472000 -5.790158
3.486000 -5.790100
3.500000 -5.790081
3.514000 -5.790100
3.528000 -5.790158
3.542000 -5.790254
3.556000 -5.790387
3.570000 -5.790557
3.584000 -5.790762
3.598000 -5.791000
3.612000 -5.791269
3.626000 -5.791568
3.640000 -5.791894
3.654000 -5.792245
3.668000 -5.792617
3.682000 -5.793008
3.696000 -5.793415
3.710000 -5.793835
3.724000 -5.794264
3.738000 -5.794700
3.752000 -5.795138
3.766000 -5.795575
3.780000 -5.796008
3.794000 -5.796434
3.808000 -5.796849
3.822000 -5.797251
3.836000 -5.797635
3.850000 -5.798000
3.864000 -5.798342
3.878000 -5.798658
3.892000 -5.798947
3.906000 -5.799206
3.920000 -5.799432
3.934000 -5.799626
3.948000 -5.799784
3.962000 -5.799905
3.976000 -5.799990
3.990000 -5.800036
4.004000 -5.800044
4.018000 -5.800014
4.032000 -5.799946
4.046000 -5.799840
4.060000 -5.799698
4.074000 -5.799519
4.088000 -5.799307
4.102000 -5.799061
4.116000 -5.798785
4.130000 -5.798480
4.144000 -5.798149
4.158000 -5.797794
4.172000 -5.797418
4.186000 -5.797023
4.200000 -5.796614
4.214000 -5.796192
4.228000 -5.795761
4.242000 -5.795325
4.256000 -5.794887
4.270000 -5.794450
4.284000 -5.794018
4.298000 -5.793594
4.312000 -5.793181
4.326000 -5.792783
4.340000 -5.792402
4.354000 -5.792042
4.368000 -5.791705
4.382000 -5.791394
4.396000 -5.791111
4.410000 -5.790860
4.424000 -5.790640
4.438000 -5.790456
4.452000 -5.790307
4.466000 -5.790194
4.480000 -5.790120
4.494000 -5.790084
4.508000 -5.790087
4.522000 -5.790128
4.536000 -5.790208
4.550000 -5.790326
4.564000 -5.790480
4.578000 -5.790670
4.592000 -5.790894
4.606000 -5.791150
4.620000 -5.791437
4.634000 -5.791751
4.648000 -5.792092
4.662000 -5.792455
4.676000 -5.792839
4.690000 -5.793239
4.704000 -5.793654
4.718000 -5.794080
4.732000 -5.794513
4.746000 -5.794950
4.760000 -5.795388
4.774000 -5.795823
4.788000 -5.796253
4.802000 -5.796673
4.816000 -5.797081
4.830000 -5.797473
4.844000 -5.797846
4.858000 -5.798198
4.872000 -5.798526
4.886000 -5.798827
4.900000 -5.799098
4.914000 -5.799339
4.928000 -5.799547
4.942000 -5.799720
4.956000 -5.799858
4.970000 -5.799958
4.984000 -5.800021
4.998000 -5.800046
5.012000 -5.800032
5.026000 -5.799980
5.040000 -5.799890
5.054000 -5.799763
5.068000 -5.799600
5.082000 -5.799402
5.096000 -5.799171
5.110000 -5.798907
5.124000 -5.798614
5.138000 -5.798294
5.152000 -5.797949
5.166000 -5.797582
5.180000 -5.797194
5.194000 -5.796791
5.208000 -5.796374
5.222000 -5.795947
5.236000 -5.795513
5.250000 -5.795075
5.264000 -5.794637
5.278000 -5.794203
5.292000 -5.793775
5.306000 -5.793356
5.320000 -5.792951
5.334000 -5.792563
5.348000 -5.792193
5.362000 -5.791846
5.376000 -5.791524
5.390000 -5.791229
5.404000 -5.790964
5.418000 -5.790730
5.432000 -5.790531
5.446000 -5.790366
5.460000 -5.790238
5.474000 -5.790147
5.488000 -5.790095
5.502000 -5.790081
5.516000 -5.790106
5.530000 -5.790169
5.544000 -5.790271
5.558000 -5.790409
5.572000 -5.790584
5.586000 -5.790794
5.600000 -5.791036
5.614000 -5.791310
5.628000 -5.791613
5.642000 -5.791943
5.656000 -5.792297
5.670000 -5.792672
5.684000 -5.793066
5.698000 -5.793475
5.712000 -5.793896
5.726000 -5.794326
5.740000 -5.794762
5.754000 -5.795200
5.768000 -5.795637
5.782000 -5.796070
5.796000 -5.796494
5.810000 -5.796908
5.824000 -5.797307
5.838000 -5.797689
5.852000 -5.798050
5.866000 -5.798388
5.880000 -5.798701
5.894000 -5.798986
5.908000 -5.799240
5.922000 -5.799462
5.936000 -5.799650
5.950000 -5.799803
5.964000 -5.799920
5.978000 -5.799999
5.992000 -5.800040
6.006000 -5.800042
6.020000 -5.800007
6.034000 -5.799933
6.048000 -5.799822
6.062000 -5.799674
6.076000 -5.799491
6.090000 -5.799273
6.104000 -5.799024
6.118000 -5.798743
6.132000 -5.798434
6.146000 -5.798099
6.160000 -5.797741
6.174000 -5.797362
6.188000 -5.796965
6.202000 -5.796553
6.216000 -5.796130
6.230000 -5.795699
6.244000 -5.795262
6.258000 -5.794824
6.272000 -5.794387
6.286000 -5.793956
6.300000 -5.793533
6.314000 -5.793122
6.328000 -5.792726
6.342000 -5.792348
6.356000 -5.791990
6.370000 -5.791657
6.384000 -5.791350
6.398000 -5.791071
6.412000 -5.790824
6.426000 -5.790610
6.440000 -5.790429
6.454000 -5.790285
6.468000 -5.790178
6.482000 -5.790109
6.496000 -5.790079
6.510000 -5.790087
6.524000 -5.790133
6.538000 -5.790218
6.552000 -5.790340
6.566000 -5.790499
6.580000 -5.790694
6.594000 -5.790922
6.608000 -5.791182
6.622000 -5.791473
6.636000 -5.791790
6.650000 -5.792134
6.664000 -5.792499
6.678000 -5.792885
6.692000 -5.793287
6.706000 -5.793702
6.720000 -5.794128
6.734000 -5.794561
6.748000 -5.794998
6.762000 -5.795434
6.776000 -5.795868
6.790000 -5.796295
6.804000 -5.796712
6.818000 -5.797116
6.832000 -5.797504
6.846000 -5.797873
6.860000 -5.798219
6.874000 -5.798541
6.888000 -5.798836
6.902000 -5.799101
6.916000 -5.799335
6.930000 -5.799535
6.944000 -5.799700
6.958000 -5.799829
6.972000 -5.799920
6.986000 -5.799974
