-7.000000 2.100022
-6.986000 2.099469
-6.972000 2.097899
-6.958000 2.095327
-6.944000 2.091779
-6.930000 2.087290
-6.916000 2.081905
-6.902000 2.075674
-6.888000 2.068660
-6.874000 2.060927
-6.860000 2.052547
-6.846000 2.043599
-6.832000 2.034160
-6.818000 2.024315
-6.804000 2.014148
-6.790000 2.003745
-6.776000 1.993189
-6.762000 1.982566
-6.748000 1.971959
-6.734000 1.961448
-6.720000 1.951112
-6.706000 1.941025
-6.692000 1.931260
-6.678000 1.921885
-6.664000 1.912963
-6.650000 1.904554
-6.636000 1.896713
-6.622000 1.889491
-6.608000 1.882933
-6.594000 1.877080
-6.580000 1.871968
-6.566000 1.867629
-6.552000 1.864088
-6.538000 1.861366
-6.524000 1.859481
-6.510000 1.858442
-6.496000 1.858257
-6.482000 1.858925
-6.468000 1.860444
-6.454000 1.862803
-6.440000 1.865990
-6.426000 1.869985
-6.412000 1.874763
-6.398000 1.880297
-6.384000 1.886551
-6.370000 1.893488
-6.356000 1.901063
-6.342000 1.909228
-6.328000 1.917929
-6.314000 1.927110
-6.300000 1.936707
-6.286000 1.946654
-6.272000 1.956883
-6.258000 1.967317
-6.244000 1.977881
-6.230000 1.988495
-6.216000 1.999077
-6.202000 2.009542
-6.188000 2.019805
-6.174000 2.029781
-6.160000 2.039386
-6.146000 2.048535
-6.132000 2.057146
-6.118000 2.065143
-6.104000 2.072449
-6.090000 2.078997
-6.076000 2.084723
-6.062000 2.089572
-6.048000 2.093495
-6.034000 2.096454
-6.020000 2.098418
-6.006000 2.099369
-5.992000 2.099295
-5.978000 2.098199
-5.964000 2.096090
-5.950000 2.092991
-5.936000 2.088933
-5.922000 2.083955
-5.908000 2.078108
-5.894000 2.071447
-5.880000 2.064037
-5.866000 2.055948
-5.852000 2.047254
-5.838000 2.038034
-5.824000 2.028371
-5.810000 2.018348
-5.796000 2.008050
-5.782000 1.997563
-5.768000 1.986971
-5.754000 1.976358
-5.740000 1.965807
-5.726000 1.955396
-5.712000 1.945203
-5.698000 1.935300
-5.684000 1.925758
-5.670000 1.916641
-5.656000 1.908012
-5.642000 1.899927
-5.628000 1.892439
-5.614000 1.885596
-5.600000 1.879440
-5.586000 1.874011
-5.572000 1.869341
-5.558000 1.865459
-5.544000 1.862387
-5.530000 1.860145
-5.516000 1.858745
-5.502000 1.858196
-5.488000 1.858501
-5.474000 1.859659
-5.460000 1.861661
-5.446000 1.864498
-5.432000 1.868150
-5.418000 1.872598
-5.404000 1.877813
-5.390000 1.883765
-5.376000 1.890416
-5.362000 1.897724
-5.348000 1.905644
-5.334000 1.914123
-5.320000 1.923106
-5.306000 1.932534
-5.292000 1.942341
-5.278000 1.952458
-5.264000 1.962814
-5.250000 1.973333
-5.236000 1.983937
-5.222000 1.994543
-5.208000 2.005068
-5.194000 2.015429
-5.180000 2.025540
-5.166000 2.035314
-5.152000 2.044669
-5.138000 2.053521
-5.124000 2.061791
-5.110000 2.069402
-5.096000 2.076284
-5.082000 2.082369
-5.068000 2.087601
-5.054000 2.091926
-5.040000 2.095303
-5.026000 2.097697
-5.012000 2.099084
-4.998000 2.099450
-4.984000 2.098791
-4.970000 2.097115
-4.956000 2.094437
-4.942000 2.090786
-4.928000 2.086196
-4.914000 2.080715
-4.900000 2.074396
-4.886000 2.067299
-4.872000 2.059492
-4.858000 2.051048
-4.844000 2.042044
-4.830000 2.032561
-4.816000 2.022681
-4.802000 2.012491
-4.788000 2.002074
-4.774000 1.991517
-4.760000 1.980903
-4.746000 1.970316
-4.732000 1.959835
-4.718000 1.949540
-4.704000 1.939504
-4.690000 1.929799
-4.676000 1.920492
-4.662000 1.911646
-4.648000 1.903321
-4.634000 1.895571
-4.620000 1.888446
-4.606000 1.881991
-4.592000 1.876247
-4.578000 1.871248
-4.564000 1.867025
-4.550000 1.863603
-4.536000 1.861003
-4.522000 1.859241
-4.508000 1.858327
-4.494000 1.858266
-4.480000 1.859059
-4.466000 1.860700
-4.452000 1.863181
-4.438000 1.866486
-4.424000 1.870596
-4.410000 1.875486
-4.396000 1.881126
-4.382000 1.887482
-4.368000 1.894514
-4.354000 1.902178
-4.340000 1.910424
-4.326000 1.919198
-4.312000 1.928443
-4.298000 1.938095
-4.284000 1.948089
-4.270000 1.958352
-4.256000 1.968810
-4.242000 1.979387
-4.228000 1.990002
-4.214000 2.000573
-4.200000 2.011015
-4.186000 2.021243
-4.172000 2.031172
-4.158000 2.040717
-4.144000 2.049794
-4.130000 2.058323
-4.116000 2.066226
-4.102000 2.073428
-4.088000 2.079863
-4.074000 2.085467
-4.060000 2.090186
-4.046000 2.093974
-4.032000 2.096793
-4.018000 2.098614
-4.004000 2.099419
-3.990000 2.099199
-3.976000 2.097957
-3.962000 2.095706
-3.948000 2.092468
-3.934000 2.088275
-3.920000 2.083170
-3.906000 2.077203
-3.892000 2.070432
-3.878000 2.062920
-3.864000 2.054740
-3.850000 2.045966
-3.836000 2.036678
-3.822000 2.026958
-3.808000 2.016891
-3.794000 2.006561
-3.780000 1.996053
-3.766000 1.985454
-3.752000 1.974845
-3.738000 1.964309
-3.724000 1.953925
-3.710000 1.943769
-3.696000 1.933913
-3.682000 1.924427
-3.668000 1.915377
-3.654000 1.906822
-3.640000 1.898819
-3.626000 1.891421
-3.612000 1.884673
-3.598000 1.878619
-3.584000 1.873297
-3.570000 1.868738
-3.556000 1.864970
-3.542000 1.862016
-3.528000 1.859893
-3.514000 1.858615
-3.500000 1.858188
-3.486000 1.858615
-3.472000 1.859893
-3.458000 1.862016
-3.444000 1.864970
-3.430000 1.868738
-3.416000 1.873297
-3.402000 1.878619
-3.388000 1.884673
-3.374000 1.891421
-3.360000 1.898819
-3.346000 1.906822
-3.332000 1.915377
-3.318000 1.924427
-3.304000 1.933913
-3.290000 1.943769
-3.276000 1.953925
-3.262000 1.964309
-3.248000 1.974845
-3.234000 1.985454
-3.220000 1.996053
-3.206000 2.006561
-3.192000 2.016891
-3.178000 2.026958
-3.164000 2.036678
-3.150000 2.045966
-3.136000 2.054740
-3.122000 2.062920
-3.108000 2.070432
-3.094000 2.077203
-3.080000 2.083170
-3.066000 2.088275
-3.052000 2.092468
-3.038000 2.095706
-3.024000 2.097957
-3.010000 2.099199
-2.996000 2.099419
-2.982000 2.098614
-2.968000 2.096793
-2.954000 2.093974
-2.940000 2.090186
-2.926000 2.085467
-2.912000 2.079863
-2.898000 2.073428
-2.884000 2.066226
-2.870000 2.058323
-2.856000 2.049794
-2.842000 2.040717
-2.828000 2.031172
-2.814000 2.021243
-2.800000 2.011015
-2.786000 2.000573
-2.772000 1.990002
-2.758000 1.979387
-2.744000 1.968810
-2.730000 1.958352
-2.716000 1.948089
-2.702000 1.938095
-2.688000 1.928443
-2.674000 1.919198
-2.660000 1.910424
-2.646000 1.902178
-2.632000 1.894514
-2.618000 1.887482
-2.604000 1.881126
-2.590000 1.875486
-2.576000 1.870596
-2.562000 1.866486
-2.548000 1.863181
-2.534000 1.860700
-2.520000 1.859059
-2.506000 1.858266
-2.492000 1.858327
-2.478000 1.859241
-2.464000 1.861003
-2.450000 1.863603
-2.436000 1.867025
-2.422000 1.871248
-2.408000 1.876247
-2.394000 1.881991
-2.380000 1.888446
-2.366000 1.895571
-2.352000 1.903321
-2.338000 1.911646
-2.324000 1.920492
-2.310000 1.929799
-2.296000 1.939504
-2.282000 1.949540
-2.268000 1.959835
-2.254000 1.970316
-2.240000 1.980903
-2.226000 1.991517
-2.212000 2.002074
-2.198000 2.012491
-2.184000 2.022681
-2.170000 2.032561
-2.156000 2.042044
-2.142000 2.051048
-2.128000 2.059492
-2.114000 2.067299
-2.100000 2.074396
-2.086000 2.080715
-2.072000 2.086196
-2.058000 2.090786
-2.044000 2.094437
-2.030000 2.097115
-2.016000 2.098791
-2.002000 2.099450
-1.988000 2.099084
-1.974000 2.097697
-1.960000 2.095303
-1.946000 2.091926
-1.932000 2.087601
-1.918000 2.082369
-1.904000 2.076284
-1.890000 2.069402
-1.876000 2.061791
-1.862000 2.053521
-1.848000 2.044669
-1.834000 2.035314
-1.820000 2.025540
-1.806000 2.015429
-1.792000 2.005068
-1.778000 1.994543
-1.764000 1.983937
-1.750000 1.973333
-1.736000 1.962814
-1.722000 1.952458
-1.708000 1.942341
-1.694000 1.932534
-1.680000 1.923106
-1.666000 1.914123
-1.652000 1.905643
-1.638000 1.897724
-1.624000 1.890416
-1.610000 1.883765
-1.596000 1.877813
-1.582000 1.872598
-1.568000 1.868150
-1.554000 1.864497
-1.540000 1.861661
-1.526000 1.859659
-1.512000 1.858501
-1.498000 1.858196
-1.484000 1.858745
-1.470000 1.860145
-1.456000 1.862387
-1.442000 1.865459
-1.428000 1.869341
-1.414000 1.874011
-1.400000 1.879440
-1.386000 1.885596
-1.372000 1.892439
-1.358000 1.899927
-1.344000 1.908011
-1.330000 1.916641
-1.316000 1.925757
-1.302000 1.935300
-1.288000 1.945203
-1.274000 1.955396
-1.260000 1.965807
-1.246000 1.976358
-1.232000 1.986970
-1.218000 1.997562
-1.204000 2.008049
-1.190000 2.018347
-1.176000 2.028370
-1.162000 2.038034
-1.148000 2.047253
-1.134000 2.055947
-1.120000 2.064036
-1.106000 2.071446
-1.092000 2.078106
-1.078000 2.083954
-1.064000 2.088931
-1.050000 2.092990
-1.036000 2.096088
-1.022000 2.098197
-1.008000 2.099293
-0.994000 2.099366
-0.980000 2.098416
-0.966000 2.096451
-0.952000 2.093492
-0.938000 2.089568
-0.924000 2.084719
-0.910000 2.078993
-0.896000 2.072445
-0.882000 2.065138
-0.868000 2.057141
-0.854000 2.048529
-0.840000 2.039380
-0.826000 2.029775
-0.812000 2.019798
-0.798000 2.009534
-0.784000 1.999068
-0.770000 1.988487
-0.756000 1.977872
-0.742000 1.967307
-0.728000 1.956872
-0.714000 1.946643
-0.700000 1.936694
-0.686000 1.927096
-0.672000 1.917915
-0.658000 1.909212
-0.644000 1.901046
-0.630000 1.893470
-0.616000 1.886532
-0.602000 1.880276
-0.588000 1.874741
-0.574000 1.869961
-0.560000 1.865964
-0.546000 1.862776
-0.532000 1.860414
-0.518000 1.858893
-0.504000 1.858222
-0.490000 1.858405
-0.476000 1.859441
-0.462000 1.861324
-0.448000 1.864042
-0.434000 1.867579
-0.420000 1.871915
-0.406000 1.877023
-0.392000 1.882871
-0.378000 1.889424
-0.364000 1.896641
-0.350000 1.904477
-0.336000 1.912879
-0.322000 1.921794
-0.308000 1.931162
-0.294000 1.940919
-0.280000 1.950996
-0.266000 1.961323
-0.252000 1.971824
-0.238000 1.982420
-0.224000 1.993031
-0.210000 2.003573
-0.196000 2.013962
-0.182000 2.024114
-0.168000 2.033942
-0.154000 2.043361
-0.140000 2.052290
-0.126000 2.060648
-0.112000 2.068358
-0.098000 2.075348
-0.084000 2.081551
-0.070000 2.086908
-0.056000 2.091366
-0.042000 2.094880
-0.028000 2.097416
-0.014000 2.098948
0.000000 2.099460
0.014000 2.098948
0.028000 2.097416
0.042000 2.094880
0.056000 2.091366
0.070000 2.086908
0.084000 2.081551
0.098000 2.075348
0.112000 2.068358
0.126000 2.060648
0.140000 2.052290
0.154000 2.043361
0.168000 2.033942
0.182000 2.024114
0.196000 2.013962
0.210000 2.003573
0.224000 1.993031
0.238000 1.982420
0.252000 1.971824
0.266000 1.961323
0.280000 1.950996
0.294000 1.940919
0.308000 1.931162
0.322000 1.921794
0.336000 1.912879
0.350000 1.904477
0.364000 1.896641
0.378000 1.889424
0.392000 1.882871
0.406000 1.877023
0.420000 1.871915
0.434000 1.867579
0.448000 1.864042
0.462000 1.861324
0.476000 1.859441
0.490000 1.858405
0.504000 1.858222
0.518000 1.858893
0.532000 1.860414
0.546000 1.862776
0.560000 1.865964
0.574000 1.869961
0.588000 1.874741
0.602000 1.880276
0.616000 1.886532
0.630000 1.893470
0.644000 1.901046
0.658000 1.909212
0.672000 1.917915
0.686000 1.927096
0.700000 1.936694
0.714000 1.946643
0.728000 1.956872
0.742000 1.967307
0.756000 1.977872
0.770000 1.988487
0.784000 1.999068
0.798000 2.009534
0.812000 2.019798
0.826000 2.029775
0.840000 2.039380
0.854000 2.048529
0.868000 2.057141
0.882000 2.065138
0.896000 2.072445
0.910000 2.078993
0.924000 2.084719
0.938000 2.089568
0.952000 2.093492
0.966000 2.096451
0.980000 2.098416
0.994000 2.099366
1.008000 2.099293
1.022000 2.098197
1.036000 2.096088
1.050000 2.092990
1.064000 2.088931
1.078000 2.083954
1.092000 2.078106
1.106000 2.071446
1.120000 2.064036
1.134000 2.055947
1.148000 2.047253
1.162000 2.038034
1.176000 2.028370
1.190000 2.018347
1.204000 2.008049
1.218000 1.997562
1.232000 1.986970
1.246000 1.976358
1.260000 1.965807
1.274000 1.955396
1.288000 1.945203
1.302000 1.935300
1.316000 1.925757
1.330000 1.916641
1.344000 1.908011
1.358000 1.899927
1.372000 1.892439
1.386000 1.885596
1.400000 1.879440
1.414000 1.874011
1.428000 1.869341
1.442000 1.865459
1.456000 1.862387
1.470000 1.860145
1.484000 1.858745
1.498000 1.858196
1.512000 1.858501
1.526000 1.859659
1.540000 1.861661
1.554000 1.864497
1.568000 1.868150
1.582000 1.872598
1.596000 1.877813
1.610000 1.883765
1.624000 1.890416
1.638000 1.897724
1.652000 1.905643
1.666000 1.914123
1.680000 1.923106
1.694000 1.932534
1.708000 1.942341
1.722000 1.952458
1.736000 1.962814
1.750000 1.973333
1.764000 1.983937
1.778000 1.994543
1.792000 2.005068
1.806000 2.015429
1.820000 2.025540
1.834000 2.035314
1.848000 2.044669
1.862000 2.053521
1.876000 2.061791
1.890000 2.069402
1.904000 2.076284
1.918000 2.082369
1.932000 2.087601
1.946000 2.091926
1.960000 2.095303
1.974000 2.097697
1.988000 2.099084
2.002000 2.099450
2.016000 2.098791
2.030000 2.097115
2.044000 2.094437
2.058000 2.090786
2.072000 2.086196
2.086000 2.080715
2.100000 2.074396
2.114000 2.067299
2.128000 2.059492
2.142000 2.051048
2.156000 2.042044
2.170000 2.032561
2.184000 2.022681
2.198000 2.012491
2.212000 2.002074
2.226000 1.991517
2.240000 1.980903
2.254000 1.970316
2.268000 1.959835
2.282000 1.949540
2.296000 1.939504
2.310000 1.929799
2.324000 1.920492
2.338000 1.911646
2.352000 1.903321
2.366000 1.895571
2.380000 1.888446
2.394000 1.881991
2.408000 1.876247
2.422000 1.871248
2.436000 1.867025
2.450000 1.863603
2.464000 1.861003
2.478000 1.859241
2.492000 1.858327
2.506000 1.858266
2.520000 1.859059
2.534000 1.860700
2.548000 1.863181
2.562000 1.866486
2.576000 1.870596
2.590000 1.875486
2.604000 1.881126
2.618000 1.887482
2.632000 1.894514
2.646000 1.902178
2.660000 1.910424
2.674000 1.919198
2.688000 1.928443
2.702000 1.938095
2.716000 1.948089
2.730000 1.958352
2.744000 1.968810
2.758000 1.979387
2.772000 1.990002
2.786000 2.000573
2.800000 2.011015
2.814000 2.021243
2.828000 2.031172
2.842000 2.040717
2.856000 2.049794
2.870000 2.058323
2.884000 2.066226
2.898000 2.073428
2.912000 2.079863
2.926000 2.085467
2.940000 2.090186
2.954000 2.093974
2.968000 2.096793
2.982000 2.098614
2.996000 2.099419
3.010000 2.099199
3.024000 2.097957
3.038000 2.095706
3.052000 2.092468
3.066000 2.088275
3.080000 2.083170
3.094000 2.077203
3.108000 2.070432
3.122000 2.062920
3.136000 2.054740
3.150000 2.045966
3.164000 2.036678
3.178000 2.026958
3.192000 2.016891
3.206000 2.006561
3.220000 1.996053
3.234000 1.985454
3.248000 1.974845
3.262000 1.964309
3.276000 1.953925
3.290000 1.943769
3.304000 1.933913
3.318000 1.924427
3.332000 1.915377
3.346000 1.906822
3.360000 1.898819
3.374000 1.891421
3.388000 1.884673
3.402000 1.878619
3.416000 1.873297
3.430000 1.868738
3.444000 1.864970
3.458000 1.862016
3.472000 1.859893
3.486000 1.858615
3.500000 1.858188
3.514000 1.858615
3.528000 1.859893
3.542000 1.862016
3.556000 1.864970
3.570000 1.868738
3.584000 1.873297
3.598000 1.878619
3.612000 1.884673
3.626000 1.891421
3.640000 1.898819
3.654000 1.906822
3.668000 1.915377
3.682000 1.924427
3.696000 1.933913
3.710000 1.943769
3.724000 1.953925
3.738000 1.964309
3.752000 1.974845
3.766000 1.985454
3.780000 1.996053
3.794000 2.006561
3.808000 2.016891
3.822000 2.026958
3.836000 2.036678
3.850000 2.045966
3.864000 2.054740
3.878000 2.062920
3.892000 2.070432
3.906000 2.077203
3.920000 2.083170
3.934000 2.088275
3.948000 2.092468
3.962000 2.095706
3.976000 2.097957
3.990000 2.099199
4.004000 2.099419
4.018000 2.098614
4.032000 2.096793
4.046000 2.093974
4.060000 2.090186
4.074000 2.085467
4.088000 2.079863
4.102000 2.073428
4.116000 2.066226
4.130000 2.058323
4.144000 2.049794
4.158000 2.040717
4.172000 2.031172
4.186000 2.021243
4.200000 2.011015
4.214000 2.000573
4.228000 1.990002
4.242000 1.979387
4.256000 1.968810
4.270000 1.958352
4.284000 1.948089
4.298000 1.938095
4.312000 1.928443
4.326000 1.919198
4.340000 1.910424
4.354000 1.902178
4.368000 1.894514
4.382000 1.887482
4.396000 1.881126
4.410000 1.875486
4.424000 1.870596
4.438000 1.866486
4.452000 1.863181
4.466000 1.860700
4.480000 1.859059
4.494000 1.858266
4.508000 1.858327
4.522000 1.859241
4.536000 1.861003
4.550000 1.863603
4.564000 1.867025
4.578000 1.871248
4.592000 1.876247
4.606000 1.881991
4.620000 1.888446
4.634000 1.895571
4.648000 1.903321
4.662000 1.911646
4.676000 1.920492
4.690000 1.929799
4.704000 1.939504
4.718000 1.949540
4.732000 1.959835
4.746000 1.970316
4.760000 1.980903
4.774000 1.991517
4.788000 2.002074
4.802000 2.012491
4.816000 2.022681
4.830000 2.032561
4.844000 2.042044
4.858000 2.051048
4.872000 2.059492
4.886000 2.067299
4.900000 2.074396
4.914000 2.080715
4.928000 2.086196
4.942000 2.090786
4.956000 2.094437
4.970000 2.097115
4.984000 2.098791
4.998000 2.099450
5.012000 2.099084
5.026000 2.097697
5.040000 2.095303
5.054000 2.091926
5.068000 2.087601
5.082000 2.082369
5.096000 2.076284
5.110000 2.069402
5.124000 2.061791
5.138000 2.053521
5.152000 2.044669
5.166000 2.035314
5.180000 2.025540
5.194000 2.015429
5.208000 2.005068
5.222000 1.994543
5.236000 1.983937
5.250000 1.973333
5.264000 1.962814
5.278000 1.952458
5.292000 1.942341
5.306000 1.932534
5.320000 1.923106
5.334000 1.914123
5.348000 1.905644
5.362000 1.897724
5.376000 1.890416
5.390000 1.883765
5.404000 1.877813
5.418000 1.872598
5.432000 1.868150
5.446000 1.864498
5.460000 1.861661
5.474000 1.859659
5.488000 1.858501
5.502000 1.858196
5.516000 1.858745
5.530000 1.860145
5.544000 1.862387
5.558000 1.865459
5.572000 1.869341
5.586000 1.874011
5.600000 1.879440
5.614000 1.885596
5.628000 1.892439
5.642000 1.899927
5.656000 1.908012
5.670000 1.916641
5.684000 1.925758
5.698000 1.935300
5.712000 1.945203
5.726000 1.955396
5.740000 1.965807
5.754000 1.976358
5.768000 1.986971
5.782000 1.997563
5.796000 2.008050
5.810000 2.018348
5.824000 2.028371
5.838000 2.038034
5.852000 2.047254
5.866000 2.055948
5.880000 2.064037
5.894000 2.071447
5.908000 2.078108
5.922000 2.083955
5.936000 2.088933
5.950000 2.092991
5.964000 2.096090
5.978000 2.098199
5.992000 2.099295
6.006000 2.099369
6.020000 2.098418
6.034000 2.096454
6.048000 2.093495
6.062000 2.089572
6.076000 2.084723
6.090000 2.078997
6.104000 2.072449
6.118000 2.065143
6.132000 2.057146
6.146000 2.048535
6.160000 2.039386
6.174000 2.029781
6.188000 2.019805
6.202000 2.009542
6.216000 1.999077
6.230000 1.988495
6.244000 1.977881
6.258000 1.967317
6.272000 1.956883
6.286000 1.946654
6.300000 1.936707
6.314000 1.927110
6.328000 1.917929
6.342000 1.909228
6.356000 1.901063
6.370000 1.893488
6.384000 1.886551
6.398000 1.880297
6.412000 1.874763
6.426000 1.869985
6.440000 1.865990
6.454000 1.862803
6.468000 1.860444
6.482000 1.858925
6.496000 1.858257
6.510000 1.858442
6.524000 1.859481
6.538000 1.861366
6.552000 1.864088
6.566000 1.867629
6.580000 1.871968
6.594000 1.877080
6.608000 1.882933
6.622000 1.889491
6.636000 1.896713
6.650000 1.904554
6.664000 1.912963
6.678000 1.921885
6.692000 1.931260
6.706000 1.941025
6.720000 1.951112
6.734000 1.961448
6.748000 1.971959
6.762000 1.982566
6.776000 1.993189
6.790000 2.003745
6.804000 2.014148
6.818000 2.024315
6.832000 2.034160
6.846000 2.043599
6.860000 2.052547
6.874000 2.060927
6.888000 2.068660
6.902000 2.075674
6.916000 2.081905
6.930000 2.087290
6.944000 2.091779
6.958000 2.095327
6.972000 2.097899
6.986000 2.099469
