-7.000000 7.450368
-6.986000 7.452642
-6.972000 7.459533
-6.958000 7.471020
-6.944000 7.487067
-6.930000 7.507624
-6.916000 7.532631
-6.902000 7.562012
-6.888000 7.595679
-6.874000 7.633533
-6.860000 7.675461
-6.846000 7.721340
-6.832000 7.771034
-6.818000 7.824397
-6.804000 7.881267
-6.790000 7.941470
-6.776000 8.004817
-6.762000 8.071100
-6.748000 8.140090
-6.734000 8.211534
-6.720000 8.285149
-6.706000 8.360615
-6.692000 8.437567
-6.678000 8.515583
-6.664000 8.594170
-6.650000 8.672753
-6.636000 8.750645
-6.622000 8.827035
-6.608000 8.900954
-6.594000 8.971258
-6.580000 9.036613
-6.566000 9.095496
-6.552000 9.146239
-6.538000 9.187117
-6.524000 9.216501
-6.510000 9.233064
-6.496000 9.235994
-6.482000 9.225141
-6.468000 9.201048
-6.454000 9.164847
-6.440000 9.118065
-6.426000 9.062408
-6.412000 8.999584
-6.398000 8.931184
-6.384000 8.858625
-6.370000 8.783130
-6.356000 8.705741
-6.342000 8.627333
-6.328000 8.548641
-6.314000 8.470288
-6.300000 8.392798
-6.286000 8.316620
-6.272000 8.242144
-6.258000 8.169707
-6.244000 8.099607
-6.230000 8.032109
-6.216000 7.967452
-6.202000 7.905851
-6.188000 7.847504
-6.174000 7.792592
-6.160000 7.741280
-6.146000 7.693721
-6.132000 7.650056
-6.118000 7.610415
-6.104000 7.574912
-6.090000 7.543653
-6.076000 7.516732
-6.062000 7.494228
-6.048000 7.476209
-6.034000 7.462730
-6.020000 7.453831
-6.006000 7.449541
-5.992000 7.449870
-5.978000 7.454820
-5.964000 7.464375
-5.950000 7.478505
-5.936000 7.497167
-5.922000 7.520306
-5.908000 7.547852
-5.894000 7.579722
-5.880000 7.615822
-5.866000 7.656045
-5.852000 7.700273
-5.838000 7.748376
-5.824000 7.800211
-5.810000 7.855624
-5.796000 7.914446
-5.782000 7.976494
-5.768000 8.041569
-5.754000 8.109453
-5.740000 8.179901
-5.726000 8.252647
-5.712000 8.327385
-5.698000 8.403772
-5.684000 8.481411
-5.670000 8.559843
-5.656000 8.638529
-5.642000 8.716834
-5.628000 8.794002
-5.614000 8.869135
-5.600000 8.941169
-5.586000 9.008850
-5.572000 9.070735
-5.558000 9.125211
-5.544000 9.170560
-5.530000 9.205091
-5.516000 9.227319
-5.502000 9.236187
-5.488000 9.231248
-5.474000 9.212752
-5.460000 9.181600
-5.446000 9.139174
-5.432000 9.087129
-5.418000 9.027189
-5.404000 8.961009
-5.390000 8.890082
-5.376000 8.815718
-5.362000 8.739032
-5.348000 8.660969
-5.334000 8.582322
-5.320000 8.503759
-5.306000 8.425843
-5.292000 8.349055
-5.278000 8.273809
-5.264000 8.200461
-5.250000 8.129327
-5.236000 8.060685
-5.222000 7.994784
-5.208000 7.931850
-5.194000 7.872086
-5.180000 7.815682
-5.166000 7.762808
-5.152000 7.713624
-5.138000 7.668274
-5.124000 7.626894
-5.110000 7.589604
-5.096000 7.556515
-5.082000 7.527725
-5.068000 7.503319
-5.054000 7.483371
-5.040000 7.467941
-5.026000 7.457076
-5.012000 7.450808
-4.998000 7.449157
-4.984000 7.452128
-4.970000 7.459712
-4.956000 7.471886
-4.942000 7.488612
-4.928000 7.509841
-4.914000 7.535507
-4.900000 7.565535
-4.886000 7.599835
-4.872000 7.638305
-4.858000 7.680832
-4.844000 7.727291
-4.830000 7.777545
-4.816000 7.831444
-4.802000 7.888827
-4.788000 7.949516
-4.774000 8.013320
-4.760000 8.080028
-4.746000 8.149409
-4.732000 8.221205
-4.718000 8.295129
-4.704000 8.370854
-4.690000 8.448009
-4.676000 8.526162
-4.662000 8.604811
-4.648000 8.683364
-4.634000 8.761121
-4.620000 8.837247
-4.606000 8.910751
-4.592000 8.980463
-4.578000 9.045021
-4.564000 9.102879
-4.550000 9.152352
-4.536000 9.191718
-4.522000 9.219378
-4.508000 9.234066
-4.494000 9.235055
-4.480000 9.222294
-4.466000 9.196420
-4.452000 9.158634
-4.438000 9.110500
-4.424000 9.053735
-4.410000 8.990036
-4.396000 8.920972
-4.382000 8.847933
-4.368000 8.772117
-4.354000 8.694539
-4.340000 8.616054
-4.326000 8.537380
-4.312000 8.459124
-4.298000 8.381798
-4.284000 8.305845
-4.270000 8.231642
-4.256000 8.159524
-4.242000 8.089781
-4.228000 8.022677
-4.214000 7.958445
-4.200000 7.897298
-4.186000 7.839432
-4.172000 7.785025
-4.158000 7.734241
-4.144000 7.687231
-4.130000 7.644134
-4.116000 7.605077
-4.102000 7.570175
-4.088000 7.539532
-4.074000 7.513237
-4.060000 7.491371
-4.046000 7.473998
-4.032000 7.461171
-4.018000 7.452929
-4.004000 7.449298
-3.990000 7.450289
-3.976000 7.455898
-3.962000 7.466109
-3.948000 7.480889
-3.934000 7.500195
-3.920000 7.523968
-3.906000 7.552137
-3.892000 7.584618
-3.878000 7.621314
-3.864000 7.662117
-3.850000 7.706907
-3.836000 7.755552
-3.822000 7.807908
-3.808000 7.863819
-3.794000 7.923113
-3.780000 7.985607
-3.766000 8.051097
-3.752000 8.119363
-3.738000 8.190157
-3.724000 8.263207
-3.710000 8.338203
-3.696000 8.414794
-3.682000 8.492576
-3.668000 8.571079
-3.654000 8.649753
-3.640000 8.727944
-3.626000 8.804881
-3.612000 8.879641
-3.598000 8.951134
-3.584000 9.018080
-3.570000 9.079009
-3.556000 9.132287
-3.542000 9.176192
-3.528000 9.209048
-3.514000 9.229421
-3.500000 9.236328
-3.486000 9.229421
-3.472000 9.209048
-3.458000 9.176192
-3.444000 9.132287
-3.430000 9.079009
-3.416000 9.018080
-3.402000 8.951134
-3.388000 8.879641
-3.374000 8.804881
-3.360000 8.727944
-3.346000 8.649753
-3.332000 8.571079
-3.318000 8.492576
-3.304000 8.414794
-3.290000 8.338203
-3.276000 8.263207
-3.262000 8.190157
-3.248000 8.119363
-3.234000 8.051097
-3.220000 7.985607
-3.206000 7.923113
-3.192000 7.863819
-3.178000 7.807908
-3.164000 7.755552
-3.150000 7.706907
-3.136000 7.662117
-3.122000 7.621314
-3.108000 7.584618
-3.094000 7.552137
-3.080000 7.523968
-3.066000 7.500195
-3.052000 7.480889
-3.038000 7.466109
-3.024000 7.455898
-3.010000 7.450289
-2.996000 7.449298
-2.982000 7.452929
-2.968000 7.461171
-2.954000 7.473998
-2.940000 7.491371
-2.926000 7.513237
-2.912000 7.539532
-2.898000 7.570175
-2.884000 7.605077
-2.870000 7.644134
-2.856000 7.687231
-2.842000 7.734241
-2.828000 7.785025
-2.814000 7.839432
-2.800000 7.897298
-2.786000 7.958445
-2.772000 8.022677
-2.758000 8.089781
-2.744000 8.159524
-2.730000 8.231642
-2.716000 8.305845
-2.702000 8.381798
-2.688000 8.459124
-2.674000 8.537380
-2.660000 8.616054
-2.646000 8.694539
-2.632000 8.772117
-2.618000 8.847933
-2.604000 8.920972
-2.590000 8.990036
-2.576000 9.053735
-2.562000 9.110500
-2.548000 9.158634
-2.534000 9.196420
-2.520000 9.222294
-2.506000 9.235055
-2.492000 9.234066
-2.478000 9.219378
-2.464000 9.191718
-2.450000 9.152352
-2.436000 9.102879
-2.422000 9.045021
-2.408000 8.980463
-2.394000 8.910751
-2.380000 8.837247
-2.366000 8.761121
-2.352000 8.683364
-2.338000 8.604811
-2.324000 8.526162
-2.310000 8.448009
-2.296000 8.370854
-2.282000 8.295129
-2.268000 8.221205
-2.254000 8.149409
-2.240000 8.080028
-2.226000 8.013320
-2.212000 7.949516
-2.198000 7.888827
-2.184000 7.831444
-2.170000 7.777545
-2.156000 7.727291
-2.142000 7.680832
-2.128000 7.638305
-2.114000 7.599835
-2.100000 7.565535
-2.086000 7.535507
-2.072000 7.509841
-2.058000 7.488612
-2.044000 7.471886
-2.030000 7.459712
-2.016000 7.452128
-2.002000 7.449157
-1.988000 7.450808
-1.974000 7.457076
-1.960000 7.467941
-1.946000 7.483371
-1.932000 7.503319
-1.918000 7.527725
-1.904000 7.556515
-1.890000 7.589604
-1.876000 7.626894
-1.862000 7.668274
-1.848000 7.713623
-1.834000 7.762808
-1.820000 7.815682
-1.806000 7.872086
-1.792000 7.931850
-1.778000 7.994784
-1.764000 8.060685
-1.750000 8.129327
-1.736000 8.200461
-1.722000 8.273809
-1.708000 8.349055
-1.694000 8.425843
-1.680000 8.503759
-1.666000 8.582322
-1.652000 8.660969
-1.638000 8.739032
-1.624000 8.815718
-1.610000 8.890082
-1.596000 8.961008
-1.582000 9.027189
-1.568000 9.087128
-1.554000 9.139173
-1.540000 9.181599
-1.526000 9.212752
-1.512000 9.231247
-1.498000 9.236186
-1.484000 9.227318
-1.470000 9.205090
-1.456000 9.170559
-1.442000 9.125209
-1.428000 9.070734
-1.414000 9.008848
-1.400000 8.941167
-1.386000 8.869134
-1.372000 8.794000
-1.358000 8.716832
-1.344000 8.638527
-1.330000 8.559840
-1.316000 8.481408
-1.302000 8.403769
-1.288000 8.327383
-1.274000 8.252644
-1.260000 8.179899
-1.246000 8.109450
-1.232000 8.041566
-1.218000 7.976491
-1.204000 7.914442
-1.190000 7.855620
-1.176000 7.800207
-1.162000 7.748372
-1.148000 7.700269
-1.134000 7.656041
-1.120000 7.615817
-1.106000 7.579717
-1.092000 7.547847
-1.078000 7.520301
-1.064000 7.497162
-1.050000 7.478499
-1.036000 7.464369
-1.022000 7.454815
-1.008000 7.449865
-0.994000 7.449534
-0.980000 7.453825
-0.966000 7.462723
-0.952000 7.476202
-0.938000 7.494221
-0.924000 7.516724
-0.910000 7.543645
-0.896000 7.574903
-0.882000 7.610405
-0.868000 7.650047
-0.854000 7.693710
-0.840000 7.741268
-0.826000 7.792579
-0.812000 7.847491
-0.798000 7.905837
-0.784000 7.967437
-0.770000 8.032093
-0.756000 8.099589
-0.742000 8.169687
-0.728000 8.242122
-0.714000 8.316596
-0.700000 8.392770
-0.686000 8.470257
-0.672000 8.548607
-0.658000 8.627293
-0.644000 8.705696
-0.630000 8.783078
-0.616000 8.858563
-0.602000 8.931112
-0.588000 8.999499
-0.574000 9.062307
-0.560000 9.117945
-0.546000 9.164705
-0.532000 9.200879
-0.518000 9.224942
-0.504000 9.235762
-0.490000 9.232796
-0.476000 9.216196
-0.462000 9.186776
-0.448000 9.145863
-0.434000 9.095087
-0.420000 9.036171
-0.406000 8.970786
-0.392000 8.900453
-0.378000 8.826507
-0.364000 8.750092
-0.350000 8.672174
-0.336000 8.593567
-0.322000 8.514954
-0.308000 8.436915
-0.294000 8.359940
-0.280000 8.284450
-0.266000 8.210811
-0.252000 8.139343
-0.238000 8.070329
-0.224000 8.004022
-0.210000 7.940651
-0.196000 7.880422
-0.182000 7.823527
-0.168000 7.770139
-0.154000 7.720418
-0.140000 7.674513
-0.126000 7.632558
-0.112000 7.594677
-0.098000 7.560981
-0.084000 7.531571
-0.070000 7.506535
-0.056000 7.485946
-0.042000 7.469867
-0.028000 7.458347
-0.014000 7.451421
0.000000 7.449110
0.014000 7.451421
0.028000 7.458347
0.042000 7.469867
0.056000 7.485946
0.070000 7.506535
0.084000 7.531571
0.098000 7.560981
0.112000 7.594677
0.126000 7.632558
0.140000 7.674513
0.154000 7.720418
0.168000 7.770139
0.182000 7.823527
0.196000 7.880422
0.210000 7.940651
0.224000 8.004022
0.238000 8.070329
0.252000 8.139343
0.266000 8.210811
0.280000 8.284450
0.294000 8.359940
0.308000 8.436915
0.322000 8.514954
0.336000 8.593567
0.350000 8.672174
0.364000 8.750092
0.378000 8.826507
0.392000 8.900453
0.406000 8.970786
0.420000 9.036171
0.434000 9.095087
0.448000 9.145863
0.462000 9.186776
0.476000 9.216196
0.490000 9.232796
0.504000 9.235762
0.518000 9.224942
0.532000 9.200879
0.546000 9.164705
0.560000 9.117945
0.574000 9.062307
0.588000 8.999499
0.602000 8.931112
0.616000 8.858563
0.630000 8.783078
0.644000 8.705696
0.658000 8.627293
0.672000 8.548607
0.686000 8.470257
0.700000 8.392770
0.714000 8.316596
0.728000 8.242122
0.742000 8.169687
0.756000 8.099589
0.770000 8.032093
0.784000 7.967437
0.798000 7.905837
0.812000 7.847491
0.826000 7.792579
0.840000 7.741268
0.854000 7.693710
0.868000 7.650047
0.882000 7.610405
0.896000 7.574903
0.910000 7.543645
0.924000 7.516724
0.938000 7.494221
0.952000 7.476202
0.966000 7.462723
0.980000 7.453825
0.994000 7.449534
1.008000 7.449865
1.022000 7.454815
1.036000 7.464369
1.050000 7.478499
1.064000 7.497162
1.078000 7.520301
1.092000 7.547847
1.106000 7.579717
1.120000 7.615817
1.134000 7.656041
1.148000 7.700269
1.162000 7.748372
1.176000 7.800207
1.190000 7.855620
1.204000 7.914442
1.218000 7.976491
1.232000 8.041566
1.246000 8.109450
1.260000 8.179899
1.274000 8.252644
1.288000 8.327383
1.302000 8.403769
1.316000 8.481408
1.330000 8.559840
1.344000 8.638527
1.358000 8.716832
1.372000 8.794000
1.386000 8.869134
1.400000 8.941167
1.414000 9.008848
1.428000 9.070734
1.442000 9.125209
1.456000 9.170559
1.470000 9.205090
1.484000 9.227318
1.498000 9.236186
1.512000 9.231247
1.526000 9.212752
1.540000 9.181599
1.554000 9.139173
1.568000 9.087128
1.582000 9.027189
1.596000 8.961008
1.610000 8.890082
1.624000 8.815718
1.638000 8.739032
1.652000 8.660969
1.666000 8.582322
1.680000 8.503759
1.694000 8.425843
1.708000 8.349055
1.722000 8.273809
1.736000 8.200461
1.750000 8.129327
1.764000 8.060685
1.778000 7.994784
1.792000 7.931850
1.806000 7.872086
1.820000 7.815682
1.834000 7.762808
1.848000 7.713623
1.862000 7.668274
1.876000 7.626894
1.890000 7.589604
1.904000 7.556515
1.918000 7.527725
1.932000 7.503319
1.946000 7.483371
1.960000 7.467941
1.974000 7.457076
1.988000 7.450808
2.002000 7.449157
2.016000 7.452128
2.030000 7.459712
2.044000 7.471886
2.058000 7.488612
2.072000 7.509841
2.086000 7.535507
2.100000 7.565535
2.114000 7.599835
2.128000 7.638305
2.142000 7.680832
2.156000 7.727291
2.170000 7.777545
2.184000 7.831444
2.198000 7.888827
2.212000 7.949516
2.226000 8.013320
2.240000 8.080028
2.254000 8.149409
2.268000 8.221205
2.282000 8.295129
2.296000 8.370854
2.310000 8.448009
2.324000 8.526162
2.338000 8.604811
2.352000 8.683364
2.366000 8.761121
2.380000 8.837247
2.394000 8.910751
2.408000 8.980463
2.422000 9.045021
2.436000 9.102879
2.450000 9.152352
2.464000 9.191718
2.478000 9.219378
2.492000 9.234066
2.506000 9.235055
2.520000 9.222294
2.534000 9.196420
2.548000 9.158634
2.562000 9.110500
2.576000 9.053735
2.590000 8.990036
2.604000 8.920972
2.618000 8.847933
2.632000 8.772117
2.646000 8.694539
2.660000 8.616054
2.674000 8.537380
2.688000 8.459124
2.702000 8.381798
2.716000 8.305845
2.730000 8.231642
2.744000 8.159524
2.758000 8.089781
2.772000 8.022677
2.786000 7.958445
2.800000 7.897298
2.814000 7.839432
2.828000 7.785025
2.842000 7.734241
2.856000 7.687231
2.870000 7.644134
2.884000 7.605077
2.898000 7.570175
2.912000 7.539532
2.926000 7.513237
2.940000 7.491371
2.954000 7.473998
2.968000 7.461171
2.982000 7.452929
2.996000 7.449298
3.010000 7.450289
3.024000 7.455898
3.038000 7.466109
3.052000 7.480889
3.066000 7.500195
3.080000 7.523968
3.094000 7.552137
3.108000 7.584618
3.122000 7.621314
3.136000 7.662117
3.150000 7.706907
3.164000 7.755552
3.178000 7.807908
3.192000 7.863819
3.206000 7.923113
3.220000 7.985607
3.234000 8.051097
3.248000 8.119363
3.262000 8.190157
3.276000 8.263207
3.290000 8.338203
3.304000 8.414794
3.318000 8.492576
3.332000 8.571079
3.346000 8.649753
3.360000 8.727944
3.374000 8.804881
3.388000 8.879641
3.402000 8.951134
3.416000 9.018080
3.430000 9.079009
3.444000 9.132287
3.458000 9.176192
3.472000 9.209048
3.486000 9.229421
3.500000 9.236328
3.514000 9.229421
3.528000 9.209048
3.542000 9.176192
3.556000 9.132287
3.570000 9.079009
3.584000 9.018080
3.598000 8.951134
3.612000 8.879641
3.626000 8.804881
3.640000 8.727944
3.654000 8.649753
3.668000 8.571079
3.682000 8.492576
3.696000 8.414794
3.710000 8.338203
3.724000 8.263207
3.738000 8.190157
3.752000 8.119363
3.766000 8.051097
3.780000 7.985607
3.794000 7.923113
3.808000 7.863819
3.822000 7.807908
3.836000 7.755552
3.850000 7.706907
3.864000 7.662117
3.878000 7.621314
3.892000 7.584618
3.906000 7.552137
3.920000 7.523968
3.934000 7.500195
3.948000 7.480889
3.962000 7.466109
3.976000 7.455898
3.990000 7.450289
4.004000 7.449298
4.018000 7.452929
4.032000 7.461171
4.046000 7.473998
4.060000 7.491371
4.074000 7.513237
4.088000 7.539532
4.102000 7.570175
4.116000 7.605077
4.130000 7.644134
4.144000 7.687231
4.158000 7.734241
4.172000 7.785025
4.186000 7.839432
4.200000 7.897298
4.214000 7.958445
4.228000 8.022677
4.242000 8.089781
4.256000 8.159524
4.270000 8.231642
4.284000 8.305845
4.298000 8.381798
4.312000 8.459124
4.326000 8.537380
4.340000 8.616054
4.354000 8.694539
4.368000 8.772117
4.382000 8.847933
4.396000 8.920972
4.410000 8.990036
4.424000 9.053735
4.438000 9.110500
4.452000 9.158634
4.466000 9.196420
4.480000 9.222294
4.494000 9.235055
4.508000 9.234066
4.522000 9.219378
4.536000 9.191718
4.550000 9.152352
4.564000 9.102879
4.578000 9.045021
4.592000 8.980463
4.606000 8.910751
4.620000 8.837247
4.634000 8.761121
4.648000 8.683364
4.662000 8.604811
4.676000 8.526162
4.690000 8.448009
4.704000 8.370854
4.718000 8.295129
4.732000 8.221205
4.746000 8.149409
4.760000 8.080028
4.774000 8.013320
4.788000 7.949516
4.802000 7.888827
4.816000 7.831444
4.830000 7.777545
4.844000 7.727291
4.858000 7.680832
4.872000 7.638305
4.886000 7.599835
4.900000 7.565535
4.914000 7.535507
4.928000 7.509841
4.942000 7.488612
4.956000 7.471886
4.970000 7.459712
4.984000 7.452128
4.998000 7.449157
5.012000 7.450808
5.026000 7.457076
5.040000 7.467941
5.054000 7.483371
5.068000 7.503319
5.082000 7.527725
5.096000 7.556515
5.110000 7.589604
5.124000 7.626894
5.138000 7.668274
5.152000 7.713624
5.166000 7.762808
5.180000 7.815682
5.194000 7.872086
5.208000 7.931850
5.222000 7.994784
5.236000 8.060685
5.250000 8.129327
5.264000 8.200461
5.278000 8.273809
5.292000 8.349055
5.306000 8.425843
5.320000 8.503759
5.334000 8.582322
5.348000 8.660969
5.362000 8.739032
5.376000 8.815718
5.390000 8.890082
5.404000 8.961009
5.418000 9.027189
5.432000 9.087129
5.446000 9.139174
5.460000 9.181600
5.474000 9.212752
5.488000 9.231248
5.502000 9.236187
5.516000 9.227319
5.530000 9.205091
5.544000 9.170560
5.558000 9.125211
5.572000 9.070735
5.586000 9.008850
5.600000 8.941169
5.614000 8.869135
5.628000 8.794002
5.642000 8.716834
5.656000 8.638529
5.670000 8.559843
5.684000 8.481411
5.698000 8.403772
5.712000 8.327385
5.726000 8.252647
5.740000 8.179901
5.754000 8.109453
5.768000 8.041569
5.782000 7.976494
5.796000 7.914446
5.810000 7.855624
5.824000 7.800211
5.838000 7.748376
5.852000 7.700273
5.866000 7.656045
5.880000 7.615822
5.894000 7.579722
5.908000 7.547852
5.922000 7.520306
5.936000 7.497167
5.950000 7.478505
5.964000 7.464375
5.978000 7.454820
5.992000 7.449870
6.006000 7.449541
6.020000 7.453831
6.034000 7.462730
6.048000 7.476209
6.062000 7.494228
6.076000 7.516732
6.090000 7.543653
6.104000 7.574912
6.118000 7.610415
6.132000 7.650056
6.146000 7.693721
6.160000 7.741280
6.174000 7.792592
6.188000 7.847504
6.202000 7.905851
6.216000 7.967452
6.230000 8.032109
6.244000 8.099607
6.258000 8.169707
6.272000 8.242144
6.286000 8.316620
6.300000 8.392798
6.314000 8.470288
6.328000 8.548641
6.342000 8.627333
6.356000 8.705741
6.370000 8.783130
6.384000 8.858625
6.398000 8.931184
6.412000 8.999584
6.426000 9.062408
6.440000 9.118065
6.454000 9.164847
6.468000 9.201048
6.482000 9.225141
6.496000 9.235994
6.510000 9.233064
6.524000 9.216501
6.538000 9.187117
6.552000 9.146239
6.566000 9.095496
6.580000 9.036613
6.594000 8.971258
6.608000 8.900954
6.622000 8.827035
6.636000 8.750645
6.650000 8.672753
6.664000 8.594170
6.678000 8.515583
6.692000 8.437567
6.706000 8.360615
6.720000 8.285149
6.734000 8.211534
6.748000 8.140090
6.762000 8.071100
6.776000 8.004817
6.790000 7.941470
6.804000 7.881267
6.818000 7.824397
6.832000 7.771034
6.846000 7.721340
6.860000 7.675461
6.874000 7.633533
6.888000 7.595679
6.902000 7.562012
6.916000 7.532631
6.930000 7.507624
6.944000 7.487067
6.958000 7.471020
6.972000 7.459533
6.986000 7.452642
