-7.000000 -22.504805
-6.986000 -22.505189
-6.972000 -22.505556
-6.958000 -22.505907
-6.944000 -22.506242
-6.930000 -22.506563
-6.916000 -22.506869
-6.902000 -22.507161
-6.888000 -22.507440
-6.874000 -22.507707
-6.860000 -22.507961
-6.846000 -22.508204
-6.832000 -22.508436
-6.818000 -22.508657
-6.804000 -22.508868
-6.790000 -22.509069
-6.776000 -22.509261
-6.762000 -22.509444
-6.748000 -22.509619
-6.734000 -22.509785
-6.720000 -22.509943
-6.706000 -22.510094
-6.692000 -22.510238
-6.678000 -22.510375
-6.664000 -22.510506
-6.650000 -22.510631
-6.636000 -22.510749
-6.622000 -22.510862
-6.608000 -22.510970
-6.594000 -22.511072
-6.580000 -22.511170
-6.566000 -22.511263
-6.552000 -22.511351
-6.538000 -22.511436
-6.524000 -22.511516
-6.510000 -22.511593
-6.496000 -22.511666
-6.482000 -22.511735
-6.468000 -22.511801
-6.454000 -22.511864
-6.440000 -22.511925
-6.426000 -22.511982
-6.412000 -22.512036
-6.398000 -22.512088
-6.384000 -22.512138
-6.370000 -22.512185
-6.356000 -22.512230
-6.342000 -22.512273
-6.328000 -22.512313
-6.314000 -22.512352
-6.300000 -22.512389
-6.286000 -22.512424
-6.272000 -22.512457
-6.258000 -22.512489
-6.244000 -22.512520
-6.230000 -22.512548
-6.216000 -22.512576
-6.202000 -22.512602
-6.188000 -22.512626
-6.174000 -22.512649
-6.160000 -22.512672
-6.146000 -22.512693
-6.132000 -22.512712
-6.118000 -22.512731
-6.104000 -22.512749
-6.090000 -22.512766
-6.076000 -22.512781
-6.062000 -22.512796
-6.048000 -22.512810
-6.034000 -22.512823
-6.020000 -22.512836
-6.006000 -22.512847
-5.992000 -22.512858
-5.978000 -22.512868
-5.964000 -22.512877
-5.950000 -22.512886
-5.936000 -22.512894
-5.922000 -22.512902
-5.908000 -22.512908
-5.894000 -22.512915
-5.880000 -22.512921
-5.866000 -22.512926
-5.852000 -22.512931
-5.838000 -22.512936
-5.824000 -22.512940
-5.810000 -22.512943
-5.796000 -22.512947
-5.782000 -22.512950
-5.768000 -22.512953
-5.754000 -22.512955
-5.740000 -22.512958
-5.726000 -22.512960
-5.712000 -22.512962
-5.698000 -22.512964
-5.684000 -22.512965
-5.670000 -22.512967
-5.656000 -22.512968
-5.642000 -22.512970
-5.628000 -22.512971
-5.614000 -22.512972
-5.600000 -22.512973
-5.586000 -22.512974
-5.572000 -22.512976
-5.558000 -22.512977
-5.544000 -22.512978
-5.530000 -22.512979
-5.516000 -22.512981
-5.502000 -22.512982
-5.488000 -22.512983
-5.474000 -22.512985
-5.460000 -22.512986
-5.446000 -22.512988
-5.432000 -22.512989
-5.418000 -22.512991
-5.404000 -22.512993
-5.390000 -22.512994
-5.376000 -22.512996
-5.362000 -22.512998
-5.348000 -22.513000
-5.334000 -22.513002
-5.320000 -22.513004
-5.306000 -22.513006
-5.292000 -22.513008
-5.278000 -22.513010
-5.264000 -22.513012
-5.250000 -22.513014
-5.236000 -22.513016
-5.222000 -22.513018
-5.208000 -22.513019
-5.194000 -22.513021
-5.180000 -22.513023
-5.166000 -22.513025
-5.152000 -22.513026
-5.138000 -22.513028
-5.124000 -22.513029
-5.110000 -22.513030
-5.096000 -22.513031
-5.082000 -22.513032
-5.068000 -22.513033
-5.054000 -22.513034
-5.040000 -22.513035
-5.026000 -22.513035
-5.012000 -22.513035
-4.998000 -22.513036
-4.984000 -22.513036
-4.970000 -22.513036
-4.956000 -22.513035
-4.942000 -22.513035
-4.928000 -22.513035
-4.914000 -22.513034
-4.900000 -22.513033
-4.886000 -22.513032
-4.872000 -22.513031
-4.858000 -22.513030
-4.844000 -22.513029
-4.830000 -22.513028
-4.816000 -22.513027
-4.802000 -22.513025
-4.788000 -22.513024
-4.774000 -22.513022
-4.760000 -22.513021
-4.746000 -22.513020
-4.732000 -22.513018
-4.718000 -22.513017
-4.704000 -22.513015
-4.690000 -22.513014
-4.676000 -22.513013
-4.662000 -22.513011
-4.648000 -22.513010
-4.634000 -22.513009
-4.620000 -22.513008
-4.606000 -22.513007
-4.592000 -22.513006
-4.578000 -22.513005
-4.564000 -22.513005
-4.550000 -22.513004
-4.536000 -22.513004
-4.522000 -22.513003
-4.508000 -22.513003
-4.494000 -22.513003
-4.480000 -22.513003
-4.466000 -22.513004
-4.452000 -22.513004
-4.438000 -22.513005
-4.424000 -22.513005
-4.410000 -22.513006
-4.396000 -22.513007
-4.382000 -22.513008
-4.368000 -22.513009
-4.354000 -22.513010
-4.340000 -22.513011
-4.326000 -22.513013
-4.312000 -22.513014
-4.298000 -22.513015
-4.284000 -22.513017
-4.270000 -22.513018
-4.256000 -22.513020
-4.242000 -22.513021
-4.228000 -22.513023
-4.214000 -22.513024
-4.200000 -22.513026
-4.186000 -22.513027
-4.172000 -22.513029
-4.158000 -22.513030
-4.144000 -22.513031
-4.130000 -22.513032
-4.116000 -22.513033
-4.102000 -22.513034
-4.088000 -22.513035
-4.074000 -22.513036
-4.060000 -22.513037
-4.046000 -22.513037
-4.032000 -22.513037
-4.018000 -22.513038
-4.004000 -22.513038
-3.990000 -22.513038
-3.976000 -22.513038
-3.962000 -22.513037
-3.948000 -22.513037
-3.934000 -22.513036
-3.920000 -22.513036
-3.906000 -22.513035
-3.892000 -22.513034
-3.878000 -22.513033
-3.864000 -22.513032
-3.850000 -22.513031
-3.836000 -22.513029
-3.822000 -22.513028
-3.808000 -22.513027
-3.794000 -22.513025
-3.780000 -22.513024
-3.766000 -22.513022
-3.752000 -22.513021
-3.738000 -22.513019
-3.724000 -22.513018
-3.710000 -22.513016
-3.696000 -22.513015
-3.682000 -22.513014
-3.668000 -22.513012
-3.654000 -22.513011
-3.640000 -22.513010
-3.626000 -22.513009
-3.612000 -22.513008
-3.598000 -22.513007
-3.584000 -22.513006
-3.570000 -22.513005
-3.556000 -22.513005
-3.542000 -22.513004
-3.528000 -22.513004
-3.514000 -22.513004
-3.500000 -22.513003
-3.486000 -22.513004
-3.472000 -22.513004
-3.458000 -22.513004
-3.444000 -22.513005
-3.430000 -22.513005
-3.416000 -22.513006
-3.402000 -22.513007
-3.388000 -22.513008
-3.374000 -22.513009
-3.360000 -22.513010
-3.346000 -22.513011
-3.332000 -22.513012
-3.318000 -22.513014
-3.304000 -22.513015
-3.290000 -22.513016
-3.276000 -22.513018
-3.262000 -22.513019
-3.248000 -22.513021
-3.234000 -22.513022
-3.220000 -22.513024
-3.206000 -22.513025
-3.192000 -22.513027
-3.178000 -22.513028
-3.164000 -22.513029
-3.150000 -22.513031
-3.136000 -22.513032
-3.122000 -22.513033
-3.108000 -22.513034
-3.094000 -22.513035
-3.080000 -22.513036
-3.066000 -22.513036
-3.052000 -22.513037
-3.038000 -22.513037
-3.024000 -22.513038
-3.010000 -22.513038
-2.996000 -22.513038
-2.982000 -22.513038
-2.968000 -22.513037
-2.954000 -22.513037
-2.940000 -22.513037
-2.926000 -22.513036
-2.912000 -22.513035
-2.898000 -22.513034
-2.884000 -22.513033
-2.870000 -22.513032
-2.856000 -22.513031
-2.842000 -22.513030
-2.828000 -22.513029
-2.814000 -22.513027
-2.800000 -22.513026
-2.786000 -22.513024
-2.772000 -22.513023
-2.758000 -22.513021
-2.744000 -22.513020
-2.730000 -22.513018
-2.716000 -22.513017
-2.702000 -22.513016
-2.688000 -22.513014
-2.674000 -22.513013
-2.660000 -22.513011
-2.646000 -22.513010
-2.632000 -22.513009
-2.618000 -22.513008
-2.604000 -22.513007
-2.590000 -22.513006
-2.576000 -22.513005
-2.562000 -22.513005
-2.548000 -22.513004
-2.534000 -22.513004
-2.520000 -22.513004
-2.506000 -22.513004
-2.492000 -22.513004
-2.478000 -22.513004
-2.464000 -22.513004
-2.450000 -22.513004
-2.436000 -22.513005
-2.422000 -22.513006
-2.408000 -22.513006
-2.394000 -22.513007
-2.380000 -22.513008
-2.366000 -22.513009
-2.352000 -22.513010
-2.338000 -22.513012
-2.324000 -22.513013
-2.310000 -22.513014
-2.296000 -22.513016
-2.282000 -22.513017
-2.268000 -22.513019
-2.254000 -22.513020
-2.240000 -22.513022
-2.226000 -22.513023
-2.212000 -22.513025
-2.198000 -22.513026
-2.184000 -22.513028
-2.170000 -22.513029
-2.156000 -22.513030
-2.142000 -22.513031
-2.128000 -22.513033
-2.114000 -22.513034
-2.100000 -22.513034
-2.086000 -22.513035
-2.072000 -22.513036
-2.058000 -22.513037
-2.044000 -22.513037
-2.030000 -22.513037
-2.016000 -22.513038
-2.002000 -22.513038
-1.988000 -22.513038
-1.974000 -22.513038
-1.960000 -22.513037
-1.946000 -22.513037
-1.932000 -22.513036
-1.918000 -22.513036
-1.904000 -22.513035
-1.890000 -22.513034
-1.876000 -22.513033
-1.862000 -22.513032
-1.848000 -22.513031
-1.834000 -22.513029
-1.820000 -22.513028
-1.806000 -22.513027
-1.792000 -22.513025
-1.778000 -22.513024
-1.764000 -22.513022
-1.750000 -22.513021
-1.736000 -22.513019
-1.722000 -22.513018
-1.708000 -22.513016
-1.694000 -22.513015
-1.680000 -22.513013
-1.666000 -22.513012
-1.652000 -22.513011
-1.638000 -22.513010
-1.624000 -22.513008
-1.610000 -22.513007
-1.596000 -22.513007
-1.582000 -22.513006
-1.568000 -22.513005
-1.554000 -22.513004
-1.540000 -22.513004
-1.526000 -22.513004
-1.512000 -22.513004
-1.498000 -22.513003
-1.484000 -22.513004
-1.470000 -22.513004
-1.456000 -22.513004
-1.442000 -22.513005
-1.428000 -22.513005
-1.414000 -22.513006
-1.400000 -22.513007
-1.386000 -22.513008
-1.372000 -22.513009
-1.358000 -22.513010
-1.344000 -22.513011
-1.330000 -22.513012
-1.316000 -22.513014
-1.302000 -22.513015
-1.288000 -22.513017
-1.274000 -22.513018
-1.260000 -22.513020
-1.246000 -22.513021
-1.232000 -22.513023
-1.218000 -22.513024
-1.204000 -22.513026
-1.190000 -22.513027
-1.176000 -22.513028
-1.162000 -22.513030
-1.148000 -22.513031
-1.134000 -22.513032
-1.120000 -22.513033
-1.106000 -22.513034
-1.092000 -22.513035
-1.078000 -22.513036
-1.064000 -22.513036
-1.050000 -22.513037
-1.036000 -22.513037
-1.022000 -22.513038
-1.008000 -22.513038
-0.994000 -22.513038
-0.980000 -22.513038
-0.966000 -22.513037
-0.952000 -22.513037
-0.938000 -22.513036
-0.924000 -22.513036
-0.910000 -22.513035
-0.896000 -22.513034
-0.882000 -22.513033
-0.868000 -22.513032
-0.854000 -22.513031
-0.840000 -22.513030
-0.826000 -22.513029
-0.812000 -22.513027
-0.798000 -22.513026
-0.784000 -22.513024
-0.770000 -22.513023
-0.756000 -22.513021
-0.742000 -22.513020
-0.728000 -22.513018
-0.714000 -22.513017
-0.700000 -22.513015
-0.686000 -22.513014
-0.672000 -22.513013
-0.658000 -22.513011
-0.644000 -22.513010
-0.630000 -22.513009
-0.616000 -22.513008
-0.602000 -22.513007
-0.588000 -22.513006
-0.574000 -22.513005
-0.560000 -22.513005
-0.546000 -22.513004
-0.532000 -22.513004
-0.518000 -22.513004
-0.504000 -22.513004
-0.490000 -22.513004
-0.476000 -22.513004
-0.462000 -22.513004
-0.448000 -22.513004
-0.434000 -22.513005
-0.420000 -22.513006
-0.406000 -22.513006
-0.392000 -22.513007
-0.378000 -22.513008
-0.364000 -22.513009
-0.350000 -22.513011
-0.336000 -22.513012
-0.322000 -22.513013
-0.308000 -22.513015
-0.294000 -22.513016
-0.280000 -22.513017
-0.266000 -22.513019
-0.252000 -22.513020
-0.238000 -22.513022
-0.224000 -22.513023
-0.210000 -22.513025
-0.196000 -22.513026
-0.182000 -22.513028
-0.168000 -22.513029
-0.154000 -22.513030
-0.140000 -22.513032
-0.126000 -22.513033
-0.112000 -22.513034
-0.098000 -22.513035
-0.084000 -22.513035
-0.070000 -22.513036
-0.056000 -22.513037
-0.042000 -22.513037
-0.028000 -22.513037
-0.014000 -22.513038
0.000000 -22.513038
0.014000 -22.513038
0.028000 -22.513037
0.042000 -22.513037
0.056000 -22.513037
0.070000 -22.513036
0.084000 -22.513035
0.098000 -22.513035
0.112000 -22.513034
0.126000 -22.513033
0.140000 -22.513032
0.154000 -22.513030
0.168000 -22.513029
0.182000 -22.513028
0.196000 -22.513026
0.210000 -22.513025
0.224000 -22.513023
0.238000 -22.513022
0.252000 -22.513020
0.266000 -22.513019
0.280000 -22.513017
0.294000 -22.513016
0.308000 -22.513015
0.322000 -22.513013
0.336000 -22.513012
0.350000 -22.513011
0.364000 -22.513009
0.378000 -22.513008
0.392000 -22.513007
0.406000 -22.513006
0.420000 -22.513006
0.434000 -22.513005
0.448000 -22.513004
0.462000 -22.513004
0.476000 -22.513004
0.490000 -22.513004
0.504000 -22.513004
0.518000 -22.513004
0.532000 -22.513004
0.546000 -22.513004
0.560000 -22.513005
0.574000 -22.513005
0.588000 -22.513006
0.602000 -22.513007
0.616000 -22.513008
0.630000 -22.513009
0.644000 -22.513010
0.658000 -22.513011
0.672000 -22.513013
0.686000 -22.513014
0.700000 -22.513015
0.714000 -22.513017
0.728000 -22.513018
0.742000 -22.513020
0.756000 -22.513021
0.770000 -22.513023
0.784000 -22.513024
0.798000 -22.513026
0.812000 -22.513027
0.826000 -22.513029
0.840000 -22.513030
0.854000 -22.513031
0.868000 -22.513032
0.882000 -22.513033
0.896000 -22.513034
0.910000 -22.513035
0.924000 -22.513036
0.938000 -22.513036
0.952000 -22.513037
0.966000 -22.513037
0.980000 -22.513038
0.994000 -22.513038
1.008000 -22.513038
1.022000 -22.513038
1.036000 -22.513037
1.050000 -22.513037
1.064000 -22.513036
1.078000 -22.513036
1.092000 -22.513035
1.106000 -22.513034
1.120000 -22.513033
1.134000 -22.513032
1.148000 -22.513031
1.162000 -22.513030
1.176000 -22.513028
1.190000 -22.513027
1.204000 -22.513026
1.218000 -22.513024
1.232000 -22.513023
1.246000 -22.513021
1.260000 -22.513020
1.274000 -22.513018
1.288000 -22.513017
1.302000 -22.513015
1.316000 -22.513014
1.330000 -22.513012
1.344000 -22.513011
1.358000 -22.513010
1.372000 -22.513009
1.386000 -22.513008
1.400000 -22.513007
1.414000 -22.513006
1.428000 -22.513005
1.442000 -22.513005
1.456000 -22.513004
1.470000 -22.513004
1.484000 -22.513004
1.498000 -22.513003
1.512000 -22.513004
1.526000 -22.513004
1.540000 -22.513004
1.554000 -22.513004
1.568000 -22.513005
1.582000 -22.513006
1.596000 -22.513007
1.610000 -22.513007
1.624000 -22.513008
1.638000 -22.513010
1.652000 -22.513011
1.666000 -22.513012
1.680000 -22.513013
1.694000 -22.513015
1.708000 -22.513016
1.722000 -22.513018
1.736000 -22.513019
1.750000 -22.513021
1.764000 -22.513022
1.778000 -22.513024
1.792000 -22.513025
1.806000 -22.513027
1.820000 -22.513028
1.834000 -22.513029
1.848000 -22.513031
1.862000 -22.513032
1.876000 -22.513033
1.890000 -22.513034
1.904000 -22.513035
1.918000 -22.513036
1.932000 -22.513036
1.946000 -22.513037
1.960000 -22.513037
1.974000 -22.513038
1.988000 -22.513038
2.002000 -22.513038
2.016000 -22.513038
2.030000 -22.513037
2.044000 -22.513037
2.058000 -22.513037
2.072000 -22.513036
2.086000 -22.513035
2.100000 -22.513034
2.114000 -22.513034
2.128000 -22.513033
2.142000 -22.513031
2.156000 -22.513030
2.170000 -22.513029
2.184000 -22.513028
2.198000 -22.513026
2.212000 -22.513025
2.226000 -22.513023
2.240000 -22.513022
2.254000 -22.513020
2.268000 -22.513019
2.282000 -22.513017
2.296000 -22.513016
2.310000 -22.513014
2.324000 -22.513013
2.338000 -22.513012
2.352000 -22.513010
2.366000 -22.513009
2.380000 -22.513008
2.394000 -22.513007
2.408000 -22.513006
2.422000 -22.513006
2.436000 -22.513005
2.450000 -22.513004
2.464000 -22.513004
2.478000 -22.513004
2.492000 -22.513004
2.506000 -22.513004
2.520000 -22.513004
2.534000 -22.513004
2.548000 -22.513004
2.562000 -22.513005
2.576000 -22.513005
2.590000 -22.513006
2.604000 -22.513007
2.618000 -22.513008
2.632000 -22.513009
2.646000 -22.513010
2.660000 -22.513011
2.674000 -22.513013
2.688000 -22.513014
2.702000 -22.513016
2.716000 -22.513017
2.730000 -22.513018
2.744000 -22.513020
2.758000 -22.513021
2.772000 -22.513023
2.786000 -22.513024
2.800000 -22.513026
2.814000 -22.513027
2.828000 -22.513029
2.842000 -22.513030
2.856000 -22.513031
2.870000 -22.513032
2.884000 -22.513033
2.898000 -22.513034
2.912000 -22.513035
2.926000 -22.513036
2.940000 -22.513037
2.954000 -22.513037
2.968000 -22.513037
2.982000 -22.513038
2.996000 -22.513038
3.010000 -22.513038
3.024000 -22.513038
3.038000 -22.513037
3.052000 -22.513037
3.066000 -22.513036
3.080000 -22.513036
3.094000 -22.513035
3.108000 -22.513034
3.122000 -22.513033
3.136000 -22.513032
3.150000 -22.513031
3.164000 -22.513029
3.178000 -22.513028
3.192000 -22.513027
3.206000 -22.513025
3.220000 -22.513024
3.234000 -22.513022
3.248000 -22.513021
3.262000 -22.513019
3.276000 -22.513018
3.290000 -22.513016
3.304000 -22.513015
3.318000 -22.513014
3.332000 -22.513012
3.346000 -22.513011
3.360000 -22.513010
3.374000 -22.513009
3.388000 -22.513008
3.402000 -22.513007
3.416000 -22.513006
3.430000 -22.513005
3.444000 -22.513005
3.458000 -22.513004
3.472000 -22.513004
3.486000 -22.513004
3.500000 -22.513003
3.514000 -22.513004
3.528000 -22.513004
3.542000 -22.513004
3.556000 -22.513005
3.570000 -22.513005
3.584000 -22.513006
3.598000 -22.513007
3.612000 -22.513008
3.626000 -22.513009
3.640000 -22.513010
3.654000 -22.513011
3.668000 -22.513012
3.682000 -22.513014
3.696000 -22.513015
3.710000 -22.513016
3.724000 -22.513018
3.738000 -22.513019
3.752000 -22.513021
3.766000 -22.513022
3.780000 -22.513024
3.794000 -22.513025
3.808000 -22.513027
3.822000 -22.513028
3.836000 -22.513029
3.850000 -22.513031
3.864000 -22.513032
3.878000 -22.513033
3.892000 -22.513034
3.906000 -22.513035
3.920000 -22.513036
3.934000 -22.513036
3.948000 -22.513037
3.962000 -22.513037
3.976000 -22.513038
3.990000 -22.513038
4.004000 -22.513038
4.018000 -22.513038
4.032000 -22.513037
4.046000 -22.513037
4.060000 -22.513037
4.074000 -22.513036
4.088000 -22.513035
4.102000 -22.513034
4.116000 -22.513033
4.130000 -22.513032
4.144000 -22.513031
4.158000 -22.513030
4.172000 -22.513029
4.186000 -22.513027
4.200000 -22.513026
4.214000 -22.513024
4.228000 -22.513023
4.242000 -22.513021
4.256000 -22.513020
4.270000 -22.513018
4.284000 -22.513017
4.298000 -22.513015
4.312000 -22.513014
4.326000 -22.513013
4.340000 -22.513011
4.354000 -22.513010
4.368000 -22.513009
4.382000 -22.513008
4.396000 -22.513007
4.410000 -22.513006
4.424000 -22.513005
4.438000 -22.513005
4.452000 -22.513004
4.466000 -22.513004
4.480000 -22.513003
4.494000 -22.513003
4.508000 -22.513003
4.522000 -22.513003
4.536000 -22.513004
4.550000 -22.513004
4.564000 -22.513005
4.578000 -22.513005
4.592000 -22.513006
4.606000 -22.513007
4.620000 -22.513008
4.634000 -22.513009
4.648000 -22.513010
4.662000 -22.513011
4.676000 -22.513013
4.690000 -22.513014
4.704000 -22.513015
4.718000 -22.513017
4.732000 -22.513018
4.746000 -22.513020
4.760000 -22.513021
4.774000 -22.513022
4.788000 -22.513024
4.802000 -22.513025
4.816000 -22.513027
4.830000 -22.513028
4.844000 -22.513029
4.858000 -22.513030
4.872000 -22.513031
4.886000 -22.513032
4.900000 -22.513033
4.914000 -22.513034
4.928000 -22.513035
4.942000 -22.513035
4.956000 -22.513035
4.970000 -22.513036
4.984000 -22.513036
4.998000 -22.513036
5.012000 -22.513035
5.026000 -22.513035
5.040000 -22.513035
5.054000 -22.513034
5.068000 -22.513033
5.082000 -22.513032
5.096000 -22.513031
5.110000 -22.513030
5.124000 -22.513029
5.138000 -22.513028
5.152000 -22.513026
5.166000 -22.513025
5.180000 -22.513023
5.194000 -22.513021
5.208000 -22.513019
5.222000 -22.513018
5.236000 -22.513016
5.250000 -22.513014
5.264000 -22.513012
5.278000 -22.513010
5.292000 -22.513008
5.306000 -22.513006
5.320000 -22.513004
5.334000 -22.513002
5.348000 -22.513000
5.362000 -22.512998
5.376000 -22.512996
5.390000 -22.512994
5.404000 -22.512993
5.418000 -22.512991
5.432000 -22.512989
5.446000 -22.512988
5.460000 -22.512986
5.474000 -22.512985
5.488000 -22.512983
5.502000 -22.512982
5.516000 -22.512981
5.530000 -22.512979
5.544000 -22.512978
5.558000 -22.512977
5.572000 -22.512976
5.586000 -22.512974
5.600000 -22.512973
5.614000 -22.512972
5.628000 -22.512971
5.642000 -22.512970
5.656000 -22.512968
5.670000 -22.512967
5.684000 -22.512965
5.698000 -22.512964
5.712000 -22.512962
5.726000 -22.512960
5.740000 -22.512958
5.754000 -22.512955
5.768000 -22.512953
5.782000 -22.512950
5.796000 -22.512947
5.810000 -22.512943
5.824000 -22.512940
5.838000 -22.512936
5.852000 -22.512931
5.866000 -22.512926
5.880000 -22.512921
5.894000 -22.512915
5.908000 -22.512908
5.922000 -22.512902
5.936000 -22.512894
5.950000 -22.512886
5.964000 -22.512877
5.978000 -22.512868
5.992000 -22.512858
6.006000 -22.512847
6.020000 -22.512836
6.034000 -22.512823
6.048000 -22.512810
6.062000 -22.512796
6.076000 -22.512781
6.090000 -22.512766
6.104000 -22.512749
6.118000 -22.512731
6.132000 -22.512712
6.146000 -22.512693
6.160000 -22.512672
6.174000 -22.512649
6.188000 -22.512626
6.202000 -22.512602
6.216000 -22.512576
6.230000 -22.512548
6.244000 -22.512520
6.258000 -22.512489
6.272000 -22.512457
6.286000 -22.512424
6.300000 -22.512389
6.314000 -22.512352
6.328000 -22.512313
6.342000 -22.512273
6.356000 -22.512230
6.370000 -22.512185
6.384000 -22.512138
6.398000 -22.512088
6.412000 -22.512036
6.426000 -22.511982
6.440000 -22.511925
6.454000 -22.511864
6.468000 -22.511801
6.482000 -22.511735
6.496000 -22.511666
6.510000 -22.511593
6.524000 -22.511516
6.538000 -22.511436
6.552000 -22.511351
6.566000 -22.511263
6.580000 -22.511170
6.594000 -22.511072
6.608000 -22.510970
6.622000 -22.510862
6.636000 -22.510749
6.650000 -22.510631
6.664000 -22.510506
6.678000 -22.510375
6.692000 -22.510238
6.706000 -22.510094
6.720000 -22.509943
6.734000 -22.509785
6.748000 -22.509619
6.762000 -22.509444
6.776000 -22.509261
6.790000 -22.509069
6.804000 -22.508868
6.818000 -22.508657
6.832000 -22.508436
6.846000 -22.508204
6.860000 -22.507961
6.874000 -22.507707
6.888000 -22.507440
6.902000 -22.507161
6.916000 -22.506869
6.930000 -22.506563
6.944000 -22.506242
6.958000 -22.505907
6.972000 -22.505556
6.986000 -22.505189
