-7.000000 -8.024996
-6.986000 -8.028052
-6.972000 -8.031003
-6.958000 -8.033851
-6.944000 -8.036602
-6.930000 -8.039257
-6.916000 -8.041820
-6.902000 -8.044293
-6.888000 -8.046679
-6.874000 -8.048981
-6.860000 -8.051201
-6.846000 -8.053342
-6.832000 -8.055407
-6.818000 -8.057396
-6.804000 -8.059313
-6.790000 -8.061159
-6.776000 -8.062936
-6.762000 -8.064647
-6.748000 -8.066292
-6.734000 -8.067874
-6.720000 -8.069395
-6.706000 -8.070855
-6.692000 -8.072257
-6.678000 -8.073601
-6.664000 -8.074890
-6.650000 -8.076125
-6.636000 -8.077306
-6.622000 -8.078437
-6.608000 -8.079517
-6.594000 -8.080548
-6.580000 -8.081531
-6.566000 -8.082468
-6.552000 -8.083361
-6.538000 -8.084209
-6.524000 -8.085015
-6.510000 -8.085780
-6.496000 -8.086505
-6.482000 -8.087192
-6.468000 -8.087841
-6.454000 -8.088454
-6.440000 -8.089033
-6.426000 -8.089578
-6.412000 -8.090092
-6.398000 -8.090574
-6.384000 -8.091028
-6.370000 -8.091454
-6.356000 -8.091853
-6.342000 -8.092227
-6.328000 -8.092578
-6.314000 -8.092906
-6.300000 -8.093213
-6.286000 -8.093500
-6.272000 -8.093769
-6.258000 -8.094020
-6.244000 -8.094256
-6.230000 -8.094478
-6.216000 -8.094686
-6.202000 -8.094882
-6.188000 -8.095068
-6.174000 -8.095243
-6.160000 -8.095410
-6.146000 -8.095569
-6.132000 -8.095722
-6.118000 -8.095868
-6.104000 -8.096011
-6.090000 -8.096149
-6.076000 -8.096284
-6.062000 -8.096416
-6.048000 -8.096547
-6.034000 -8.096676
-6.020000 -8.096804
-6.006000 -8.096933
-5.992000 -8.097061
-5.978000 -8.097189
-5.964000 -8.097319
-5.950000 -8.097449
-5.936000 -8.097580
-5.922000 -8.097712
-5.908000 -8.097845
-5.894000 -8.097978
-5.880000 -8.098113
-5.866000 -8.098248
-5.852000 -8.098384
-5.838000 -8.098520
-5.824000 -8.098655
-5.810000 -8.098790
-5.796000 -8.098924
-5.782000 -8.099057
-5.768000 -8.099189
-5.754000 -8.099318
-5.740000 -8.099444
-5.726000 -8.099568
-5.712000 -8.099688
-5.698000 -8.099804
-5.684000 -8.099915
-5.670000 -8.100022
-5.656000 -8.100123
-5.642000 -8.100219
-5.628000 -8.100309
-5.614000 -8.100392
-5.600000 -8.100468
-5.586000 -8.100537
-5.572000 -8.100600
-5.558000 -8.100654
-5.544000 -8.100701
-5.530000 -8.100740
-5.516000 -8.100771
-5.502000 -8.100795
-5.488000 -8.100810
-5.474000 -8.100818
-5.460000 -8.100818
-5.446000 -8.100811
-5.432000 -8.100796
-5.418000 -8.100775
-5.404000 -8.100746
-5.390000 -8.100712
-5.376000 -8.100671
-5.362000 -8.100625
-5.348000 -8.100574
-5.334000 -8.100519
-5.320000 -8.100459
-5.306000 -8.100396
-5.292000 -8.100330
-5.278000 -8.100263
-5.264000 -8.100193
-5.250000 -8.100122
-5.236000 -8.100051
-5.222000 -8.099981
-5.208000 -8.099911
-5.194000 -8.099842
-5.180000 -8.099776
-5.166000 -8.099712
-5.152000 -8.099651
-5.138000 -8.099594
-5.124000 -8.099541
-5.110000 -8.099493
-5.096000 -8.099450
-5.082000 -8.099412
-5.068000 -8.099380
-5.054000 -8.099354
-5.040000 -8.099334
-5.026000 -8.099321
-5.012000 -8.099314
-4.998000 -8.099314
-4.984000 -8.099320
-4.970000 -8.099333
-4.956000 -8.099353
-4.942000 -8.099379
-4.928000 -8.099411
-4.914000 -8.099450
-4.900000 -8.099494
-4.886000 -8.099543
-4.872000 -8.099598
-4.858000 -8.099657
-4.844000 -8.099720
-4.830000 -8.099787
-4.816000 -8.099858
-4.802000 -8.099931
-4.788000 -8.100006
-4.774000 -8.100082
-4.760000 -8.100160
-4.746000 -8.100238
-4.732000 -8.100316
-4.718000 -8.100393
-4.704000 -8.100468
-4.690000 -8.100542
-4.676000 -8.100613
-4.662000 -8.100681
-4.648000 -8.100745
-4.634000 -8.100806
-4.620000 -8.100861
-4.606000 -8.100912
-4.592000 -8.100957
-4.578000 -8.100997
-4.564000 -8.101031
-4.550000 -8.101058
-4.536000 -8.101079
-4.522000 -8.101093
-4.508000 -8.101101
-4.494000 -8.101101
-4.480000 -8.101095
-4.466000 -8.101083
-4.452000 -8.101063
-4.438000 -8.101037
-4.424000 -8.101005
-4.410000 -8.100966
-4.396000 -8.100922
-4.382000 -8.100873
-4.368000 -8.100818
-4.354000 -8.100759
-4.340000 -8.100696
-4.326000 -8.100629
-4.312000 -8.100559
-4.298000 -8.100486
-4.284000 -8.100411
-4.270000 -8.100335
-4.256000 -8.100258
-4.242000 -8.100181
-4.228000 -8.100104
-4.214000 -8.100028
-4.200000 -8.099954
-4.186000 -8.099881
-4.172000 -8.099812
-4.158000 -8.099745
-4.144000 -8.099682
-4.130000 -8.099624
-4.116000 -8.099570
-4.102000 -8.099521
-4.088000 -8.099477
-4.074000 -8.099440
-4.060000 -8.099408
-4.046000 -8.099383
-4.032000 -8.099364
-4.018000 -8.099352
-4.004000 -8.099347
-3.990000 -8.099348
-3.976000 -8.099357
-3.962000 -8.099372
-3.948000 -8.099393
-3.934000 -8.099421
-3.920000 -8.099455
-3.906000 -8.099496
-3.892000 -8.099542
-3.878000 -8.099593
-3.864000 -8.099649
-3.850000 -8.099709
-3.836000 -8.099774
-3.822000 -8.099842
-3.808000 -8.099913
-3.794000 -8.099986
-3.780000 -8.100061
-3.766000 -8.100138
-3.752000 -8.100215
-3.738000 -8.100292
-3.724000 -8.100369
-3.710000 -8.100445
-3.696000 -8.100519
-3.682000 -8.100590
-3.668000 -8.100659
-3.654000 -8.100725
-3.640000 -8.100786
-3.626000 -8.100844
-3.612000 -8.100896
-3.598000 -8.100944
-3.584000 -8.100986
-3.570000 -8.101021
-3.556000 -8.101051
-3.542000 -8.101075
-3.528000 -8.101092
-3.514000 -8.101102
-3.500000 -8.101105
-3.486000 -8.101102
-3.472000 -8.101092
-3.458000 -8.101075
-3.444000 -8.101051
-3.430000 -8.101021
-3.416000 -8.100986
-3.402000 -8.100944
-3.388000 -8.100896
-3.374000 -8.100844
-3.360000 -8.100786
-3.346000 -8.100725
-3.332000 -8.100659
-3.318000 -8.100590
-3.304000 -8.100519
-3.290000 -8.100445
-3.276000 -8.100369
-3.262000 -8.100292
-3.248000 -8.100215
-3.234000 -8.100138
-3.220000 -8.100061
-3.206000 -8.099986
-3.192000 -8.099913
-3.178000 -8.099842
-3.164000 -8.099774
-3.150000 -8.099709
-3.136000 -8.099649
-3.122000 -8.099593
-3.108000 -8.099542
-3.094000 -8.099496
-3.080000 -8.099456
-3.066000 -8.099421
-3.052000 -8.099393
-3.038000 -8.099372
-3.024000 -8.099357
-3.010000 -8.099349
-2.996000 -8.099347
-2.982000 -8.099352
-2.968000 -8.099365
-2.954000 -8.099383
-2.940000 -8.099409
-2.926000 -8.099440
-2.912000 -8.099478
-2.898000 -8.099521
-2.884000 -8.099570
-2.870000 -8.099624
-2.856000 -8.099683
-2.842000 -8.099746
-2.828000 -8.099812
-2.814000 -8.099882
-2.800000 -8.099954
-2.786000 -8.100029
-2.772000 -8.100105
-2.758000 -8.100182
-2.744000 -8.100259
-2.730000 -8.100336
-2.716000 -8.100413
-2.702000 -8.100487
-2.688000 -8.100560
-2.674000 -8.100630
-2.660000 -8.100697
-2.646000 -8.100761
-2.632000 -8.100820
-2.618000 -8.100874
-2.604000 -8.100924
-2.590000 -8.100968
-2.576000 -8.101007
-2.562000 -8.101039
-2.548000 -8.101065
-2.534000 -8.101085
-2.520000 -8.101098
-2.506000 -8.101105
-2.492000 -8.101104
-2.478000 -8.101097
-2.464000 -8.101083
-2.450000 -8.101062
-2.436000 -8.101035
-2.422000 -8.101002
-2.408000 -8.100962
-2.394000 -8.100917
-2.380000 -8.100867
-2.366000 -8.100812
-2.352000 -8.100752
-2.338000 -8.100688
-2.324000 -8.100620
-2.310000 -8.100550
-2.296000 -8.100477
-2.282000 -8.100402
-2.268000 -8.100325
-2.254000 -8.100248
-2.240000 -8.100171
-2.226000 -8.100094
-2.212000 -8.100018
-2.198000 -8.099944
-2.184000 -8.099872
-2.170000 -8.099803
-2.156000 -8.099737
-2.142000 -8.099674
-2.128000 -8.099616
-2.114000 -8.099563
-2.100000 -8.099515
-2.086000 -8.099472
-2.072000 -8.099435
-2.058000 -8.099405
-2.044000 -8.099380
-2.030000 -8.099362
-2.016000 -8.099351
-2.002000 -8.099347
-1.988000 -8.099349
-1.974000 -8.099359
-1.960000 -8.099374
-1.946000 -8.099397
-1.932000 -8.099426
-1.918000 -8.099461
-1.904000 -8.099502
-1.890000 -8.099549
-1.876000 -8.099601
-1.862000 -8.099657
-1.848000 -8.099718
-1.834000 -8.099783
-1.820000 -8.099852
-1.806000 -8.099923
-1.792000 -8.099997
-1.778000 -8.100072
-1.764000 -8.100149
-1.750000 -8.100226
-1.736000 -8.100303
-1.722000 -8.100380
-1.708000 -8.100455
-1.694000 -8.100529
-1.680000 -8.100600
-1.666000 -8.100669
-1.652000 -8.100734
-1.638000 -8.100795
-1.624000 -8.100852
-1.610000 -8.100903
-1.596000 -8.100950
-1.582000 -8.100991
-1.568000 -8.101026
-1.554000 -8.101055
-1.540000 -8.101078
-1.526000 -8.101093
-1.512000 -8.101103
-1.498000 -8.101105
-1.484000 -8.101101
-1.470000 -8.101090
-1.456000 -8.101072
-1.442000 -8.101047
-1.428000 -8.101017
-1.414000 -8.100980
-1.400000 -8.100937
-1.386000 -8.100889
-1.372000 -8.100836
-1.358000 -8.100778
-1.344000 -8.100716
-1.330000 -8.100650
-1.316000 -8.100580
-1.302000 -8.100508
-1.288000 -8.100434
-1.274000 -8.100358
-1.260000 -8.100281
-1.246000 -8.100204
-1.232000 -8.100127
-1.218000 -8.100051
-1.204000 -8.099976
-1.190000 -8.099902
-1.176000 -8.099832
-1.162000 -8.099764
-1.148000 -8.099700
-1.134000 -8.099641
-1.120000 -8.099585
-1.106000 -8.099535
-1.092000 -8.099490
-1.078000 -8.099450
-1.064000 -8.099417
-1.050000 -8.099390
-1.036000 -8.099369
-1.022000 -8.099355
-1.008000 -8.099348
-0.994000 -8.099347
-0.980000 -8.099354
-0.966000 -8.099367
-0.952000 -8.099386
-0.938000 -8.099413
-0.924000 -8.099445
-0.910000 -8.099484
-0.896000 -8.099528
-0.882000 -8.099578
-0.868000 -8.099632
-0.854000 -8.099692
-0.840000 -8.099755
-0.826000 -8.099822
-0.812000 -8.099892
-0.798000 -8.099965
-0.784000 -8.100040
-0.770000 -8.100116
-0.756000 -8.100193
-0.742000 -8.100270
-0.728000 -8.100347
-0.714000 -8.100423
-0.700000 -8.100498
-0.686000 -8.100570
-0.672000 -8.100640
-0.658000 -8.100706
-0.644000 -8.100769
-0.630000 -8.100828
-0.616000 -8.100882
-0.602000 -8.100931
-0.588000 -8.100974
-0.574000 -8.101012
-0.560000 -8.101043
-0.546000 -8.101069
-0.532000 -8.101087
-0.518000 -8.101100
-0.504000 -8.101105
-0.490000 -8.101103
-0.476000 -8.101095
-0.462000 -8.101080
-0.448000 -8.101059
-0.434000 -8.101031
-0.420000 -8.100996
-0.406000 -8.100956
-0.392000 -8.100910
-0.378000 -8.100859
-0.364000 -8.100803
-0.350000 -8.100743
-0.336000 -8.100678
-0.322000 -8.100610
-0.308000 -8.100539
-0.294000 -8.100466
-0.280000 -8.100391
-0.266000 -8.100314
-0.252000 -8.100237
-0.238000 -8.100160
-0.224000 -8.100083
-0.210000 -8.100008
-0.196000 -8.099934
-0.182000 -8.099862
-0.168000 -8.099793
-0.154000 -8.099727
-0.140000 -8.099666
-0.126000 -8.099608
-0.112000 -8.099556
-0.098000 -8.099508
-0.084000 -8.099466
-0.070000 -8.099431
-0.056000 -8.099401
-0.042000 -8.099377
-0.028000 -8.099360
-0.014000 -8.099350
0.000000 -8.099347
0.014000 -8.099350
0.028000 -8.099360
0.042000 -8.099377
0.056000 -8.099401
0.070000 -8.099431
0.084000 -8.099466
0.098000 -8.099508
0.112000 -8.099556
0.126000 -8.099608
0.140000 -8.099666
0.154000 -8.099727
0.168000 -8.099793
0.182000 -8.099862
0.196000 -8.099934
0.210000 -8.100008
0.224000 -8.100083
0.238000 -8.100160
0.252000 -8.100237
0.266000 -8.100314
0.280000 -8.100391
0.294000 -8.100466
0.308000 -8.100539
0.322000 -8.100610
0.336000 -8.100678
0.350000 -8.100743
0.364000 -8.100803
0.378000 -8.100859
0.392000 -8.100910
0.406000 -8.100956
0.420000 -8.100996
0.434000 -8.101031
0.448000 -8.101059
0.462000 -8.101080
0.476000 -8.101095
0.490000 -8.101103
0.504000 -8.101105
0.518000 -8.101100
0.532000 -8.101087
0.546000 -8.101069
0.560000 -8.101043
0.574000 -8.101012
0.588000 -8.100974
0.602000 -8.100931
0.616000 -8.100882
0.630000 -8.100828
0.644000 -8.100769
0.658000 -8.100706
0.672000 -8.100640
0.686000 -8.100570
0.700000 -8.100498
0.714000 -8.100423
0.728000 -8.100347
0.742000 -8.100270
0.756000 -8.100193
0.770000 -8.100116
0.784000 -8.100040
0.798000 -8.099965
0.812000 -8.099892
0.826000 -8.099822
0.840000 -8.099755
0.854000 -8.099692
0.868000 -8.099632
0.882000 -8.099578
0.896000 -8.099528
0.910000 -8.099484
0.924000 -8.099445
0.938000 -8.099413
0.952000 -8.099386
0.966000 -8.099367
0.980000 -8.099354
0.994000 -8.099347
1.008000 -8.099348
1.022000 -8.099355
1.036000 -8.099369
1.050000 -8.099390
1.064000 -8.099417
1.078000 -8.099450
1.092000 -8.099490
1.106000 -8.099535
1.120000 -8.099585
1.134000 -8.099641
1.148000 -8.099700
1.162000 -8.099764
1.176000 -8.099832
1.190000 -8.099902
1.204000 -8.099976
1.218000 -8.100051
1.232000 -8.100127
1.246000 -8.100204
1.260000 -8.100281
1.274000 -8.100358
1.288000 -8.100434
1.302000 -8.100508
1.316000 -8.100580
1.330000 -8.100650
1.344000 -8.100716
1.358000 -8.100778
1.372000 -8.100836
1.386000 -8.100889
1.400000 -8.100937
1.414000 -8.100980
1.428000 -8.101017
1.442000 -8.101047
1.456000 -8.101072
1.470000 -8.101090
1.484000 -8.101101
1.498000 -8.101105
1.512000 -8.101103
1.526000 -8.101093
1.540000 -8.101078
1.554000 -8.101055
1.568000 -8.101026
1.582000 -8.100991
1.596000 -8.100950
1.610000 -8.100903
1.624000 -8.100852
1.638000 -8.100795
1.652000 -8.100734
1.666000 -8.100669
1.680000 -8.100600
1.694000 -8.100529
1.708000 -8.100455
1.722000 -8.100380
1.736000 -8.100303
1.750000 -8.100226
1.764000 -8.100149
1.778000 -8.100072
1.792000 -8.099997
1.806000 -8.099923
1.820000 -8.099852
1.834000 -8.099783
1.848000 -8.099718
1.862000 -8.099657
1.876000 -8.099601
1.890000 -8.099549
1.904000 -8.099502
1.918000 -8.099461
1.932000 -8.099426
1.946000 -8.099397
1.960000 -8.099374
1.974000 -8.099359
1.988000 -8.099349
2.002000 -8.099347
2.016000 -8.099351
2.030000 -8.099362
2.044000 -8.099380
2.058000 -8.099405
2.072000 -8.099435
2.086000 -8.099472
2.100000 -8.099515
2.114000 -8.099563
2.128000 -8.099616
2.142000 -8.099674
2.156000 -8.099737
2.170000 -8.099803
2.184000 -8.099872
2.198000 -8.099944
2.212000 -8.100018
2.226000 -8.100094
2.240000 -8.100171
2.254000 -8.100248
2.268000 -8.100325
2.282000 -8.100402
2.296000 -8.100477
2.310000 -8.100550
2.324000 -8.100620
2.338000 -8.100688
2.352000 -8.100752
2.366000 -8.100812
2.380000 -8.100867
2.394000 -8.100917
2.408000 -8.100962
2.422000 -8.101002
2.436000 -8.101035
2.450000 -8.101062
2.464000 -8.101083
2.478000 -8.101097
2.492000 -8.101104
2.506000 -8.101105
2.520000 -8.101098
2.534000 -8.101085
2.548000 -8.101065
2.562000 -8.101039
2.576000 -8.101007
2.590000 -8.100968
2.604000 -8.100924
2.618000 -8.100874
2.632000 -8.100820
2.646000 -8.100761
2.660000 -8.100697
2.674000 -8.100630
2.688000 -8.100560
2.702000 -8.100487
2.716000 -8.100413
2.730000 -8.100336
2.744000 -8.100259
2.758000 -8.100182
2.772000 -8.100105
2.786000 -8.100029
2.800000 -8.099954
2.814000 -8.099882
2.828000 -8.099812
2.842000 -8.099746
2.856000 -8.099683
2.870000 -8.099624
2.884000 -8.099570
2.898000 -8.099521
2.912000 -8.099478
2.926000 -8.099440
2.940000 -8.099409
2.954000 -8.099383
2.968000 -8.099365
2.982000 -8.099352
2.996000 -8.099347
3.010000 -8.099349
3.024000 -8.099357
3.038000 -8.099372
3.052000 -8.099393
3.066000 -8.099421
3.080000 -8.099456
3.094000 -8.099496
3.108000 -8.099542
3.122000 -8.099593
3.136000 -8.099649
3.150000 -8.099709
3.164000 -8.099774
3.178000 -8.099842
3.192000 -8.099913
3.206000 -8.099986
3.220000 -8.100061
3.234000 -8.100138
3.248000 -8.100215
3.262000 -8.100292
3.276000 -8.100369
3.290000 -8.100445
3.304000 -8.100519
3.318000 -8.100590
3.332000 -8.100659
3.346000 -8.100725
3.360000 -8.100786
3.374000 -8.100844
3.388000 -8.100896
3.402000 -8.100944
3.416000 -8.100986
3.430000 -8.101021
3.444000 -8.101051
3.458000 -8.101075
3.472000 -8.101092
3.486000 -8.101102
3.500000 -8.101105
3.514000 -8.101102
3.528000 -8.101092
3.542000 -8.101075
3.556000 -8.101051
3.570000 -8.101021
3.584000 -8.100986
3.598000 -8.100944
3.612000 -8.100896
3.626000 -8.100844
3.640000 -8.100786
3.654000 -8.100725
3.668000 -8.100659
3.682000 -8.100590
3.696000 -8.100519
3.710000 -8.100445
3.724000 -8.100369
3.738000 -8.100292
3.752000 -8.100215
3.766000 -8.100138
3.780000 -8.100061
3.794000 -8.099986
3.808000 -8.099913
3.822000 -8.099842
3.836000 -8.099774
3.850000 -8.099709
3.864000 -8.099649
3.878000 -8.099593
3.892000 -8.099542
3.906000 -8.099496
3.920000 -8.099455
3.934000 -8.099421
3.948000 -8.099393
3.962000 -8.099372
3.976000 -8.099357
3.990000 -8.099348
4.004000 -8.099347
4.018000 -8.099352
4.032000 -8.099364
4.046000 -8.099383
4.060000 -8.099408
4.074000 -8.099440
4.088000 -8.099477
4.102000 -8.099521
4.116000 -8.099570
4.130000 -8.099624
4.144000 -8.099682
4.158000 -8.099745
4.172000 -8.099812
4.186000 -8.099881
4.200000 -8.099954
4.214000 -8.100028
4.228000 -8.100104
4.242000 -8.100181
4.256000 -8.100258
4.270000 -8.100335
4.284000 -8.100411
4.298000 -8.100486
4.312000 -8.100559
4.326000 -8.100629
4.340000 -8.100696
4.354000 -8.100759
4.368000 -8.100818
4.382000 -8.100873
4.396000 -8.100922
4.410000 -8.100966
4.424000 -8.101005
4.438000 -8.101037
4.452000 -8.101063
4.466000 -8.101083
4.480000 -8.101095
4.494000 -8.101101
4.508000 -8.101101
4.522000 -8.101093
4.536000 -8.101079
4.550000 -8.101058
4.564000 -8.101031
4.578000 -8.100997
4.592000 -8.100957
4.606000 -8.100912
4.620000 -8.100861
4.634000 -8.100806
4.648000 -8.100745
4.662000 -8.100681
4.676000 -8.100613
4.690000 -8.100542
4.704000 -8.100468
4.718000 -8.100393
4.732000 -8.100316
4.746000 -8.100238
4.760000 -8.100160
4.774000 -8.100082
4.788000 -8.100006
4.802000 -8.099931
4.816000 -8.099858
4.830000 -8.099787
4.844000 -8.099720
4.858000 -8.099657
4.872000 -8.099598
4.886000 -8.099543
4.900000 -8.099494
4.914000 -8.099450
4.928000 -8.099411
4.942000 -8.099379
4.956000 -8.099353
4.970000 -8.099333
4.984000 -8.099320
4.998000 -8.099314
5.012000 -8.099314
5.026000 -8.099321
5.040000 -8.099334
5.054000 -8.099354
5.068000 -8.099380
5.082000 -8.099412
5.096000 -8.099450
5.110000 -8.099493
5.124000 -8.099541
5.138000 -8.099594
5.152000 -8.099651
5.166000 -8.099712
5.180000 -8.099776
5.194000 -8.099842
5.208000 -8.099911
5.222000 -8.099981
5.236000 -8.100051
5.250000 -8.100122
5.264000 -8.100193
5.278000 -8.100263
5.292000 -8.100330
5.306000 -8.100396
5.320000 -8.100459
5.334000 -8.100519
5.348000 -8.100574
5.362000 -8.100625
5.376000 -8.100671
5.390000 -8.100712
5.404000 -8.100746
5.418000 -8.100775
5.432000 -8.100796
5.446000 -8.100811
5.460000 -8.100818
5.474000 -8.100818
5.488000 -8.100810
5.502000 -8.100795
5.516000 -8.100771
5.530000 -8.100740
5.544000 -8.100701
5.558000 -8.100654
5.572000 -8.100600
5.586000 -8.100537
5.600000 -8.100468
5.614000 -8.100392
5.628000 -8.100309
5.642000 -8.100219
5.656000 -8.100123
5.670000 -8.100022
5.684000 -8.099915
5.698000 -8.099804
5.712000 -8.099688
5.726000 -8.099568
5.740000 -8.099444
5.754000 -8.099318
5.768000 -8.099189
5.782000 -8.099057
5.796000 -8.098924
5.810000 -8.098790
5.824000 -8.098655
5.838000 -8.098520
5.852000 -8.098384
5.866000 -8.098248
5.880000 -8.098113
5.894000 -8.097978
5.908000 -8.097845
5.922000 -8.097712
5.936000 -8.097580
5.950000 -8.097449
5.964000 -8.097319
5.978000 -8.097189
5.992000 -8.097061
6.006000 -8.096933
6.020000 -8.096804
6.034000 -8.096676
6.048000 -8.096547
6.062000 -8.096416
6.076000 -8.096284
6.090000 -8.096149
6.104000 -8.096011
6.118000 -8.095868
6.132000 -8.095722
6.146000 -8.095569
6.160000 -8.095410
6.174000 -8.095243
6.188000 -8.095068
6.202000 -8.094882
6.216000 -8.094686
6.230000 -8.094478
6.244000 -8.094256
6.258000 -8.094020
6.272000 -8.093769
6.286000 -8.093500
6.300000 -8.093213
6.314000 -8.092906
6.328000 -8.092578
6.342000 -8.092227
6.356000 -8.091853
6.370000 -8.091454
6.384000 -8.091028
6.398000 -8.090574
6.412000 -8.090092
6.426000 -8.089578
6.440000 -8.089033
6.454000 -8.088454
6.468000 -8.087841
6.482000 -8.087192
6.496000 -8.086505
6.510000 -8.085780
6.524000 -8.085015
6.538000 -8.084209
6.552000 -8.083361
6.566000 -8.082468
6.580000 -8.081531
6.594000 -8.080548
6.608000 -8.079517
6.622000 -8.078437
6.636000 -8.077306
6.650000 -8.076125
6.664000 -8.074890
6.678000 -8.073601
6.692000 -8.072257
6.706000 -8.070855
6.720000 -8.069395
6.734000 -8.067874
6.748000 -8.066292
6.762000 -8.064647
6.776000 -8.062936
6.790000 -8.061159
6.804000 -8.059313
6.818000 -8.057396
6.832000 -8.055407
6.846000 -8.053342
6.860000 -8.051201
6.874000 -8.048981
6.888000 -8.046679
6.902000 -8.044293
6.916000 -8.041820
6.930000 -8.039257
6.944000 -8.036602
6.958000 -8.033851
6.972000 -8.031003
6.986000 -8.028052
