-7.000000 5.370366
-6.986000 5.360324
-6.972000 5.350731
-6.958000 5.341578
-6.944000 5.332854
-6.930000 5.324548
-6.916000 5.316646
-6.902000 5.309136
-6.888000 5.302003
-6.874000 5.295234
-6.860000 5.288811
-6.846000 5.282720
-6.832000 5.276944
-6.818000 5.271465
-6.804000 5.266266
-6.790000 5.261329
-6.776000 5.256637
-6.762000 5.252171
-6.748000 5.247912
-6.734000 5.243843
-6.720000 5.239945
-6.706000 5.236201
-6.692000 5.232593
-6.678000 5.229104
-6.664000 5.225718
-6.650000 5.222418
-6.636000 5.219189
-6.622000 5.216017
-6.608000 5.212887
-6.594000 5.209788
-6.580000 5.206707
-6.566000 5.203634
-6.552000 5.200559
-6.538000 5.197474
-6.524000 5.194371
-6.510000 5.191244
-6.496000 5.188089
-6.482000 5.184901
-6.468000 5.181680
-6.454000 5.178422
-6.440000 5.175130
-6.426000 5.171803
-6.412000 5.168444
-6.398000 5.165057
-6.384000 5.161646
-6.370000 5.158218
-6.356000 5.154777
-6.342000 5.151332
-6.328000 5.147891
-6.314000 5.144462
-6.300000 5.141055
-6.286000 5.137678
-6.272000 5.134343
-6.258000 5.131060
-6.244000 5.127839
-6.230000 5.124690
-6.216000 5.121625
-6.202000 5.118654
-6.188000 5.115787
-6.174000 5.113033
-6.160000 5.110403
-6.146000 5.107906
-6.132000 5.105549
-6.118000 5.103341
-6.104000 5.101289
-6.090000 5.099399
-6.076000 5.097677
-6.062000 5.096126
-6.048000 5.094751
-6.034000 5.093555
-6.020000 5.092539
-6.006000 5.091703
-5.992000 5.091047
-5.978000 5.090570
-5.964000 5.090269
-5.950000 5.090140
-5.936000 5.090180
-5.922000 5.090381
-5.908000 5.090738
-5.894000 5.091243
-5.880000 5.091887
-5.866000 5.092661
-5.852000 5.093556
-5.838000 5.094559
-5.824000 5.095660
-5.810000 5.096847
-5.796000 5.098106
-5.782000 5.099425
-5.768000 5.100790
-5.754000 5.102189
-5.740000 5.103606
-5.726000 5.105029
-5.712000 5.106444
-5.698000 5.107836
-5.684000 5.109194
-5.670000 5.110503
-5.656000 5.111751
-5.642000 5.112928
-5.628000 5.114020
-5.614000 5.115019
-5.600000 5.115913
-5.586000 5.116694
-5.572000 5.117356
-5.558000 5.117889
-5.544000 5.118290
-5.530000 5.118552
-5.516000 5.118674
-5.502000 5.118652
-5.488000 5.118485
-5.474000 5.118175
-5.460000 5.117721
-5.446000 5.117126
-5.432000 5.116395
-5.418000 5.115532
-5.404000 5.114543
-5.390000 5.113434
-5.376000 5.112215
-5.362000 5.110893
-5.348000 5.109478
-5.334000 5.107981
-5.320000 5.106413
-5.306000 5.104786
-5.292000 5.103111
-5.278000 5.101401
-5.264000 5.099669
-5.250000 5.097928
-5.236000 5.096190
-5.222000 5.094469
-5.208000 5.092778
-5.194000 5.091129
-5.180000 5.089534
-5.166000 5.088006
-5.152000 5.086555
-5.138000 5.085192
-5.124000 5.083928
-5.110000 5.082772
-5.096000 5.081732
-5.082000 5.080816
-5.068000 5.080030
-5.054000 5.079381
-5.040000 5.078873
-5.026000 5.078509
-5.012000 5.078292
-4.998000 5.078224
-4.984000 5.078305
-4.970000 5.078534
-4.956000 5.078910
-4.942000 5.079428
-4.928000 5.080086
-4.914000 5.080879
-4.900000 5.081799
-4.886000 5.082840
-4.872000 5.083995
-4.858000 5.085253
-4.844000 5.086606
-4.830000 5.088043
-4.816000 5.089553
-4.802000 5.091125
-4.788000 5.092746
-4.774000 5.094404
-4.760000 5.096086
-4.746000 5.097778
-4.732000 5.099469
-4.718000 5.101145
-4.704000 5.102792
-4.690000 5.104397
-4.676000 5.105949
-4.662000 5.107435
-4.648000 5.108844
-4.634000 5.110163
-4.620000 5.111384
-4.606000 5.112496
-4.592000 5.113490
-4.578000 5.114359
-4.564000 5.115095
-4.550000 5.115693
-4.536000 5.116148
-4.522000 5.116457
-4.508000 5.116616
-4.494000 5.116625
-4.480000 5.116484
-4.466000 5.116193
-4.452000 5.115755
-4.438000 5.115174
-4.424000 5.114454
-4.410000 5.113600
-4.396000 5.112620
-4.382000 5.111520
-4.368000 5.110311
-4.354000 5.109001
-4.340000 5.107600
-4.326000 5.106120
-4.312000 5.104573
-4.298000 5.102969
-4.284000 5.101322
-4.270000 5.099645
-4.256000 5.097951
-4.242000 5.096252
-4.228000 5.094562
-4.214000 5.092894
-4.200000 5.091260
-4.186000 5.089674
-4.172000 5.088147
-4.158000 5.086691
-4.144000 5.085317
-4.130000 5.084036
-4.116000 5.082857
-4.102000 5.081790
-4.088000 5.080842
-4.074000 5.080020
-4.060000 5.079331
-4.046000 5.078780
-4.032000 5.078371
-4.018000 5.078108
-4.004000 5.077991
-3.990000 5.078023
-3.976000 5.078202
-3.962000 5.078528
-3.948000 5.078998
-3.934000 5.079608
-3.920000 5.080354
-3.906000 5.081231
-3.892000 5.082231
-3.878000 5.083347
-3.864000 5.084570
-3.850000 5.085892
-3.836000 5.087302
-3.822000 5.088789
-3.808000 5.090342
-3.794000 5.091950
-3.780000 5.093599
-3.766000 5.095278
-3.752000 5.096973
-3.738000 5.098671
-3.724000 5.100359
-3.710000 5.102024
-3.696000 5.103653
-3.682000 5.105234
-3.668000 5.106753
-3.654000 5.108200
-3.640000 5.109562
-3.626000 5.110829
-3.612000 5.111991
-3.598000 5.113040
-3.584000 5.113965
-3.570000 5.114762
-3.556000 5.115422
-3.542000 5.115941
-3.528000 5.116315
-3.514000 5.116540
-3.500000 5.116615
-3.486000 5.116540
-3.472000 5.116315
-3.458000 5.115941
-3.444000 5.115422
-3.430000 5.114762
-3.416000 5.113965
-3.402000 5.113039
-3.388000 5.111991
-3.374000 5.110829
-3.360000 5.109562
-3.346000 5.108199
-3.332000 5.106753
-3.318000 5.105233
-3.304000 5.103653
-3.290000 5.102024
-3.276000 5.100359
-3.262000 5.098671
-3.248000 5.096972
-3.234000 5.095277
-3.220000 5.093599
-3.206000 5.091949
-3.192000 5.090341
-3.178000 5.088788
-3.164000 5.087301
-3.150000 5.085891
-3.136000 5.084569
-3.122000 5.083345
-3.108000 5.082229
-3.094000 5.081229
-3.080000 5.080353
-3.066000 5.079607
-3.052000 5.078996
-3.038000 5.078526
-3.024000 5.078201
-3.010000 5.078021
-2.996000 5.077989
-2.982000 5.078106
-2.968000 5.078369
-2.954000 5.078778
-2.940000 5.079328
-2.926000 5.080017
-2.912000 5.080838
-2.898000 5.081786
-2.884000 5.082853
-2.870000 5.084032
-2.856000 5.085313
-2.842000 5.086686
-2.828000 5.088142
-2.814000 5.089668
-2.800000 5.091254
-2.786000 5.092887
-2.772000 5.094555
-2.758000 5.096245
-2.744000 5.097943
-2.730000 5.099637
-2.716000 5.101314
-2.702000 5.102960
-2.688000 5.104563
-2.674000 5.106110
-2.660000 5.107589
-2.646000 5.108989
-2.632000 5.110298
-2.618000 5.111506
-2.604000 5.112605
-2.590000 5.113584
-2.576000 5.114436
-2.562000 5.115156
-2.548000 5.115736
-2.534000 5.116172
-2.520000 5.116461
-2.506000 5.116601
-2.492000 5.116591
-2.478000 5.116429
-2.464000 5.116119
-2.450000 5.115662
-2.436000 5.115061
-2.422000 5.114323
-2.408000 5.113452
-2.394000 5.112455
-2.380000 5.111340
-2.366000 5.110117
-2.352000 5.108794
-2.338000 5.107382
-2.324000 5.105893
-2.310000 5.104337
-2.296000 5.102727
-2.282000 5.101076
-2.268000 5.099396
-2.254000 5.097700
-2.240000 5.096003
-2.226000 5.094315
-2.212000 5.092652
-2.198000 5.091025
-2.184000 5.089446
-2.170000 5.087929
-2.156000 5.086485
-2.142000 5.085124
-2.128000 5.083857
-2.114000 5.082694
-2.100000 5.081643
-2.086000 5.080713
-2.072000 5.079910
-2.058000 5.079241
-2.044000 5.078710
-2.030000 5.078322
-2.016000 5.078080
-2.002000 5.077985
-1.988000 5.078038
-1.974000 5.078238
-1.960000 5.078585
-1.946000 5.079075
-1.932000 5.079705
-1.918000 5.080470
-1.904000 5.081365
-1.890000 5.082382
-1.876000 5.083514
-1.862000 5.084752
-1.848000 5.086087
-1.834000 5.087509
-1.820000 5.089006
-1.806000 5.090568
-1.792000 5.092182
-1.778000 5.093837
-1.764000 5.095519
-1.750000 5.097215
-1.736000 5.098913
-1.722000 5.100598
-1.708000 5.102259
-1.694000 5.103882
-1.680000 5.105454
-1.666000 5.106964
-1.652000 5.108399
-1.638000 5.109749
-1.624000 5.111001
-1.610000 5.112148
-1.596000 5.113179
-1.582000 5.114087
-1.568000 5.114864
-1.554000 5.115505
-1.540000 5.116003
-1.526000 5.116356
-1.512000 5.116560
-1.498000 5.116614
-1.484000 5.116517
-1.470000 5.116270
-1.456000 5.115875
-1.442000 5.115336
-1.428000 5.114656
-1.414000 5.113841
-1.400000 5.112897
-1.386000 5.111832
-1.372000 5.110654
-1.358000 5.109372
-1.344000 5.107997
-1.330000 5.106540
-1.316000 5.105011
-1.302000 5.103423
-1.288000 5.101788
-1.274000 5.100119
-1.260000 5.098428
-1.246000 5.096730
-1.232000 5.095036
-1.218000 5.093361
-1.204000 5.091717
-1.190000 5.090116
-1.176000 5.088571
-1.162000 5.087094
-1.148000 5.085696
-1.134000 5.084388
-1.120000 5.083179
-1.106000 5.082079
-1.092000 5.081097
-1.078000 5.080238
-1.064000 5.079511
-1.050000 5.078921
-1.036000 5.078471
-1.022000 5.078166
-1.008000 5.078007
-0.994000 5.077997
-0.980000 5.078134
-0.966000 5.078419
-0.952000 5.078848
-0.938000 5.079418
-0.924000 5.080126
-0.910000 5.080966
-0.896000 5.081932
-0.882000 5.083015
-0.868000 5.084209
-0.854000 5.085504
-0.840000 5.086889
-0.826000 5.088356
-0.812000 5.089892
-0.798000 5.091485
-0.784000 5.093124
-0.770000 5.094795
-0.756000 5.096487
-0.742000 5.098186
-0.728000 5.099878
-0.714000 5.101551
-0.700000 5.103192
-0.686000 5.104787
-0.672000 5.106326
-0.658000 5.107794
-0.644000 5.109181
-0.630000 5.110477
-0.616000 5.111670
-0.602000 5.112752
-0.588000 5.113714
-0.574000 5.114548
-0.560000 5.115247
-0.546000 5.115807
-0.532000 5.116223
-0.518000 5.116491
-0.504000 5.116609
-0.490000 5.116577
-0.476000 5.116394
-0.462000 5.116062
-0.448000 5.115585
-0.434000 5.114964
-0.420000 5.114206
-0.406000 5.113317
-0.392000 5.112303
-0.378000 5.111172
-0.364000 5.109934
-0.350000 5.108597
-0.336000 5.107174
-0.322000 5.105674
-0.308000 5.104110
-0.294000 5.102493
-0.280000 5.100837
-0.266000 5.099154
-0.252000 5.097458
-0.238000 5.095761
-0.224000 5.094076
-0.210000 5.092417
-0.196000 5.090796
-0.182000 5.089226
-0.168000 5.087718
-0.154000 5.086285
-0.140000 5.084937
-0.126000 5.083684
-0.112000 5.082537
-0.098000 5.081503
-0.084000 5.080590
-0.070000 5.079806
-0.056000 5.079157
-0.042000 5.078646
-0.028000 5.078279
-0.014000 5.078057
0.000000 5.077983
0.014000 5.078057
0.028000 5.078279
0.042000 5.078646
0.056000 5.079157
0.070000 5.079806
0.084000 5.080590
0.098000 5.081503
0.112000 5.082537
0.126000 5.083684
0.140000 5.084937
0.154000 5.086285
0.168000 5.087718
0.182000 5.089226
0.196000 5.090796
0.210000 5.092417
0.224000 5.094076
0.238000 5.095761
0.252000 5.097458
0.266000 5.099154
0.280000 5.100837
0.294000 5.102493
0.308000 5.104110
0.322000 5.105674
0.336000 5.107174
0.350000 5.108597
0.364000 5.109934
0.378000 5.111172
0.392000 5.112303
0.406000 5.113317
0.420000 5.114206
0.434000 5.114964
0.448000 5.115585
0.462000 5.116062
0.476000 5.116394
0.490000 5.116577
0.504000 5.116609
0.518000 5.116491
0.532000 5.116223
0.546000 5.115807
0.560000 5.115247
0.574000 5.114548
0.588000 5.113714
0.602000 5.112752
0.616000 5.111670
0.630000 5.110477
0.644000 5.109181
0.658000 5.107794
0.672000 5.106326
0.686000 5.104787
0.700000 5.103192
0.714000 5.101551
0.728000 5.099878
0.742000 5.098186
0.756000 5.096487
0.770000 5.094795
0.784000 5.093124
0.798000 5.091485
0.812000 5.089892
0.826000 5.088356
0.840000 5.086889
0.854000 5.085504
0.868000 5.084209
0.882000 5.083015
0.896000 5.081932
0.910000 5.080966
0.924000 5.080126
0.938000 5.079418
0.952000 5.078848
0.966000 5.078419
0.980000 5.078134
0.994000 5.077997
1.008000 5.078007
1.022000 5.078166
1.036000 5.078471
1.050000 5.078921
1.064000 5.079511
1.078000 5.080238
1.092000 5.081097
1.106000 5.082079
1.120000 5.083179
1.134000 5.084388
1.148000 5.085696
1.162000 5.087094
1.176000 5.088571
1.190000 5.090116
1.204000 5.091717
1.218000 5.093361
1.232000 5.095036
1.246000 5.096730
1.260000 5.098428
1.274000 5.100119
1.288000 5.101788
1.302000 5.103423
1.316000 5.105011
1.330000 5.106540
1.344000 5.107997
1.358000 5.109372
1.372000 5.110654
1.386000 5.111832
1.400000 5.112897
1.414000 5.113841
1.428000 5.114656
1.442000 5.115336
1.456000 5.115875
1.470000 5.116270
1.484000 5.116517
1.498000 5.116614
1.512000 5.116560
1.526000 5.116356
1.540000 5.116003
1.554000 5.115505
1.568000 5.114864
1.582000 5.114087
1.596000 5.113179
1.610000 5.112148
1.624000 5.111001
1.638000 5.109749
1.652000 5.108399
1.666000 5.106964
1.680000 5.105454
1.694000 5.103882
1.708000 5.102259
1.722000 5.100598
1.736000 5.098913
1.750000 5.097215
1.764000 5.095519
1.778000 5.093837
1.792000 5.092182
1.806000 5.090568
1.820000 5.089006
1.834000 5.087509
1.848000 5.086087
1.862000 5.084752
1.876000 5.083514
1.890000 5.082382
1.904000 5.081365
1.918000 5.080470
1.932000 5.079705
1.946000 5.079075
1.960000 5.078585
1.974000 5.078238
1.988000 5.078038
2.002000 5.077985
2.016000 5.078080
2.030000 5.078322
2.044000 5.078710
2.058000 5.079241
2.072000 5.079910
2.086000 5.080713
2.100000 5.081643
2.114000 5.082694
2.128000 5.083857
2.142000 5.085124
2.156000 5.086485
2.170000 5.087929
2.184000 5.089446
2.198000 5.091025
2.212000 5.092652
2.226000 5.094315
2.240000 5.096003
2.254000 5.097700
2.268000 5.099396
2.282000 5.101076
2.296000 5.102727
2.310000 5.104337
2.324000 5.105893
2.338000 5.107382
2.352000 5.108794
2.366000 5.110117
2.380000 5.111340
2.394000 5.112455
2.408000 5.113452
2.422000 5.114323
2.436000 5.115061
2.450000 5.115662
2.464000 5.116119
2.478000 5.116429
2.492000 5.116591
2.506000 5.116601
2.520000 5.116461
2.534000 5.116172
2.548000 5.115736
2.562000 5.115156
2.576000 5.114436
2.590000 5.113584
2.604000 5.112605
2.618000 5.111506
2.632000 5.110298
2.646000 5.108989
2.660000 5.107589
2.674000 5.106110
2.688000 5.104563
2.702000 5.102960
2.716000 5.101314
2.730000 5.099637
2.744000 5.097943
2.758000 5.096245
2.772000 5.094555
2.786000 5.092887
2.800000 5.091254
2.814000 5.089668
2.828000 5.088142
2.842000 5.086686
2.856000 5.085313
2.870000 5.084032
2.884000 5.082853
2.898000 5.081786
2.912000 5.080838
2.926000 5.080017
2.940000 5.079328
2.954000 5.078778
2.968000 5.078369
2.982000 5.078106
2.996000 5.077989
3.010000 5.078021
3.024000 5.078201
3.038000 5.078526
3.052000 5.078996
3.066000 5.079607
3.080000 5.080353
3.094000 5.081229
3.108000 5.082229
3.122000 5.083345
3.136000 5.084569
3.150000 5.085891
3.164000 5.087301
3.178000 5.088788
3.192000 5.090341
3.206000 5.091949
3.220000 5.093599
3.234000 5.095277
3.248000 5.096972
3.262000 5.098671
3.276000 5.100359
3.290000 5.102024
3.304000 5.103653
3.318000 5.105233
3.332000 5.106753
3.346000 5.108199
3.360000 5.109562
3.374000 5.110829
3.388000 5.111991
3.402000 5.113039
3.416000 5.113965
3.430000 5.114762
3.444000 5.115422
3.458000 5.115941
3.472000 5.116315
3.486000 5.116540
3.500000 5.116615
3.514000 5.116540
3.528000 5.116315
3.542000 5.115941
3.556000 5.115422
3.570000 5.114762
3.584000 5.113965
3.598000 5.113040
3.612000 5.111991
3.626000 5.110829
3.640000 5.109562
3.654000 5.108200
3.668000 5.106753
3.682000 5.105234
3.696000 5.103653
3.710000 5.102024
3.724000 5.100359
3.738000 5.098671
3.752000 5.096973
3.766000 5.095278
3.780000 5.093599
3.794000 5.091950
3.808000 5.090342
3.822000 5.088789
3.836000 5.087302
3.850000 5.085892
3.864000 5.084570
3.878000 5.083347
3.892000 5.082231
3.906000 5.081231
3.920000 5.080354
3.934000 5.079608
3.948000 5.078998
3.962000 5.078528
3.976000 5.078202
3.990000 5.078023
4.004000 5.077991
4.018000 5.078108
4.032000 5.078371
4.046000 5.078780
4.060000 5.079331
4.074000 5.080020
4.088000 5.080842
4.102000 5.081790
4.116000 5.082857
4.130000 5.084036
4.144000 5.085317
4.158000 5.086691
4.172000 5.088147
4.186000 5.089674
4.200000 5.091260
4.214000 5.092894
4.228000 5.094562
4.242000 5.096252
4.256000 5.097951
4.270000 5.099645
4.284000 5.101322
4.298000 5.102969
4.312000 5.104573
4.326000 5.106120
4.340000 5.107600
4.354000 5.109001
4.368000 5.110311
4.382000 5.111520
4.396000 5.112620
4.410000 5.113600
4.424000 5.114454
4.438000 5.115174
4.452000 5.115755
4.466000 5.116193
4.480000 5.116484
4.494000 5.116625
4.508000 5.116616
4.522000 5.116457
4.536000 5.116148
4.550000 5.115693
4.564000 5.115095
4.578000 5.114359
4.592000 5.113490
4.606000 5.112496
4.620000 5.111384
4.634000 5.110163
4.648000 5.108844
4.662000 5.107435
4.676000 5.105949
4.690000 5.104397
4.704000 5.102792
4.718000 5.101145
4.732000 5.099469
4.746000 5.097778
4.760000 5.096086
4.774000 5.094404
4.788000 5.092746
4.802000 5.091125
4.816000 5.089553
4.830000 5.088043
4.844000 5.086606
4.858000 5.085253
4.872000 5.083995
4.886000 5.082840
4.900000 5.081799
4.914000 5.080879
4.928000 5.080086
4.942000 5.079428
4.956000 5.078910
4.970000 5.078534
4.984000 5.078305
4.998000 5.078224
5.012000 5.078292
5.026000 5.078509
5.040000 5.078873
5.054000 5.079381
5.068000 5.080030
5.082000 5.080816
5.096000 5.081732
5.110000 5.082772
5.124000 5.083928
5.138000 5.085192
5.152000 5.086555
5.166000 5.088006
5.180000 5.089534
5.194000 5.091129
5.208000 5.092778
5.222000 5.094469
5.236000 5.096190
5.250000 5.097928
5.264000 5.099669
5.278000 5.101401
5.292000 5.103111
5.306000 5.104786
5.320000 5.106413
5.334000 5.107981
5.348000 5.109478
5.362000 5.110893
5.376000 5.112215
5.390000 5.113434
5.404000 5.114543
5.418000 5.115532
5.432000 5.116395
5.446000 5.117126
5.460000 5.117721
5.474000 5.118175
5.488000 5.118485
5.502000 5.118652
5.516000 5.118674
5.530000 5.118552
5.544000 5.118290
5.558000 5.117889
5.572000 5.117356
5.586000 5.116694
5.600000 5.115913
5.614000 5.115019
5.628000 5.114020
5.642000 5.112928
5.656000 5.111751
5.670000 5.110503
5.684000 5.109194
5.698000 5.107836
5.712000 5.106444
5.726000 5.105029
5.740000 5.103606
5.754000 5.102189
5.768000 5.100790
5.782000 5.099425
5.796000 5.098106
5.810000 5.096847
5.824000 5.095660
5.838000 5.094559
5.852000 5.093556
5.866000 5.092661
5.880000 5.091887
5.894000 5.091243
5.908000 5.090738
5.922000 5.090381
5.936000 5.090180
5.950000 5.090140
5.964000 5.090269
5.978000 5.090570
5.992000 5.091047
6.006000 5.091703
6.020000 5.092539
6.034000 5.093555
6.048000 5.094751
6.062000 5.096126
6.076000 5.097677
6.090000 5.099399
6.104000 5.101289
6.118000 5.103341
6.132000 5.105549
6.146000 5.107906
6.160000 5.110403
6.174000 5.113033
6.188000 5.115787
6.202000 5.118654
6.216000 5.121625
6.230000 5.124690
6.244000 5.127839
6.258000 5.131060
6.272000 5.134343
6.286000 5.137678
6.300000 5.141055
6.314000 5.144462
6.328000 5.147891
6.342000 5.151332
6.356000 5.154777
6.370000 5.158218
6.384000 5.161646
6.398000 5.165057
6.412000 5.168444
6.426000 5.171803
6.440000 5.175130
6.454000 5.178422
6.468000 5.181680
6.482000 5.184901
6.496000 5.188089
6.510000 5.191244
6.524000 5.194371
6.538000 5.197474
6.552000 5.200559
6.566000 5.203634
6.580000 5.206707
6.594000 5.209788
6.608000 5.212887
6.622000 5.216017
6.636000 5.219189
6.650000 5.222418
6.664000 5.225718
6.678000 5.229104
6.692000 5.232593
6.706000 5.236201
6.720000 5.239945
6.734000 5.243843
6.748000 5.247912
6.762000 5.252171
6.776000 5.256637
6.790000 5.261329
6.804000 5.266266
6.818000 5.271465
6.832000 5.276944
6.846000 5.282720
6.860000 5.288811
6.874000 5.295234
6.888000 5.302003
6.902000 5.309136
6.916000 5.316646
6.930000 5.324548
6.944000 5.332854
6.958000 5.341578
6.972000 5.350731
6.986000 5.360324
