8499999744.0000000000
8501000192.0000000000
8502000128.0000000000
8503000064.0000000000
8504000000.0000000000
8504999936.0000000000
8505999872.0000000000
8506999808.0000000000
8508000256.0000000000
8509000192.0000000000
8510000128.0000000000
8511000064.0000000000
8512000000.0000000000
8512999936.0000000000
8513999872.0000000000
8514999808.0000000000
8515999744.0000000000
8517000192.0000000000
8518000128.0000000000
8519000064.0000000000
8520000000.0000000000
8520999936.0000000000
8521999872.0000000000
8522999808.0000000000
8524000256.0000000000
8525000192.0000000000
8526000128.0000000000
8527000064.0000000000
8528000000.0000000000
8528999936.0000000000
8529999872.0000000000
8530999808.0000000000
8531999744.0000000000
8533000192.0000000000
8534000128.0000000000
8535000064.0000000000
8536000000.0000000000
8536999936.0000000000
8537999872.0000000000
8538999808.0000000000
8540000256.0000000000
8541000192.0000000000
8542000128.0000000000
8543000064.0000000000
8544000000.0000000000
8544999936.0000000000
8545999872.0000000000
8546999808.0000000000
8547999744.0000000000
8549000192.0000000000
8550000128.0000000000
8551000064.0000000000
8552000000.0000000000
8552999936.0000000000
8553999872.0000000000
8554999808.0000000000
8556000256.0000000000
8557000192.0000000000
8558000128.0000000000
8559000064.0000000000
8560000000.0000000000
8560999936.0000000000
8561999872.0000000000
8562999808.0000000000
8563999744.0000000000
8565000192.0000000000
8566000128.0000000000
8567000064.0000000000
8568000000.0000000000
8568999936.0000000000
8569999872.0000000000
8570999808.0000000000
8572000256.0000000000
8573000192.0000000000
8574000128.0000000000
8575000064.0000000000
8576000000.0000000000
8576999936.0000000000
8577999872.0000000000
8578999808.0000000000
8579999744.0000000000
8581000192.0000000000
8582000128.0000000000
8583000064.0000000000
8584000000.0000000000
8584999936.0000000000
8585999872.0000000000
8586999808.0000000000
8588000256.0000000000
8589000192.0000000000
8590000128.0000000000
8590999552.0000000000
8592000000.0000000000
8593000448.0000000000
8593999872.0000000000
8595000320.0000000000
8595999744.0000000000
8597000192.0000000000
8597999616.0000000000
8599000064.0000000000
8600000512.0000000000
8600999936.0000000000
8602000384.0000000000
8602999808.0000000000
8604000256.0000000000
8604999680.0000000000
8606000128.0000000000
8606999552.0000000000
8608000000.0000000000
8609000448.0000000000
8609999872.0000000000
8611000320.0000000000
8611999744.0000000000
8613000192.0000000000
8613999616.0000000000
8615000064.0000000000
8615999488.0000000000
8616999936.0000000000
8618000384.0000000000
8618999808.0000000000
8620000256.0000000000
8620999680.0000000000
8622000128.0000000000
8622999552.0000000000
8624000000.0000000000
8625000448.0000000000
8625999872.0000000000
8627000320.0000000000
8627999744.0000000000
8629000192.0000000000
8629999616.0000000000
8631000064.0000000000
8632000512.0000000000
8632999936.0000000000
8634000384.0000000000
8634999808.0000000000
8636000256.0000000000
8636999680.0000000000
8638000128.0000000000
8638999552.0000000000
8640000000.0000000000
8641000448.0000000000
8641999872.0000000000
8643000320.0000000000
8643999744.0000000000
8645000192.0000000000
8645999616.0000000000
8647000064.0000000000
8647999488.0000000000
8648999936.0000000000
8650000384.0000000000
8650999808.0000000000
8652000256.0000000000
8652999680.0000000000
8654000128.0000000000
8654999552.0000000000
8656000000.0000000000
8657000448.0000000000
8657999872.0000000000
8659000320.0000000000
8659999744.0000000000
8661000192.0000000000
8661999616.0000000000
8663000064.0000000000
8664000512.0000000000
8664999936.0000000000
8666000384.0000000000
8666999808.0000000000
8668000256.0000000000
8668999680.0000000000
8670000128.0000000000
8670999552.0000000000
8672000000.0000000000
8673000448.0000000000
8673999872.0000000000
8675000320.0000000000
8675999744.0000000000
8677000192.0000000000
8677999616.0000000000
8679000064.0000000000
8679999488.0000000000
8680999936.0000000000
8682000384.0000000000
8682999808.0000000000
8684000256.0000000000
8684999680.0000000000
8686000128.0000000000
8686999552.0000000000
8688000000.0000000000
8689000448.0000000000
8689999872.0000000000
8691000320.0000000000
8691999744.0000000000
8693000192.0000000000
8693999616.0000000000
8695000064.0000000000
8696000512.0000000000
8696999936.0000000000
8698000384.0000000000
8698999808.0000000000
8700000256.0000000000
8700999680.0000000000
8702000128.0000000000
8702999552.0000000000
8704000000.0000000000
8705000448.0000000000
8705999872.0000000000
8707000320.0000000000
8707999744.0000000000
8709000192.0000000000
8709999616.0000000000
8711000064.0000000000
8711999488.0000000000
8712999936.0000000000
8714000384.0000000000
8714999808.0000000000
8716000256.0000000000
8716999680.0000000000
8718000128.0000000000
8718999552.0000000000
8720000000.0000000000
8721000448.0000000000
8721999872.0000000000
8723000320.0000000000
8723999744.0000000000
8725000192.0000000000
8725999616.0000000000
8727000064.0000000000
8728000512.0000000000
8728999936.0000000000
8730000384.0000000000
8730999808.0000000000
8732000256.0000000000
8732999680.0000000000
8734000128.0000000000
8734999552.0000000000
8736000000.0000000000
8737000448.0000000000
8737999872.0000000000
8739000320.0000000000
8739999744.0000000000
8741000192.0000000000
8741999616.0000000000
8743000064.0000000000
8743999488.0000000000
8744999936.0000000000
8746000384.0000000000
8746999808.0000000000
8748000256.0000000000
8748999680.0000000000
8750000128.0000000000
8750999552.0000000000
8752000000.0000000000
8753000448.0000000000
8753999872.0000000000
8755000320.0000000000
8755999744.0000000000
8757000192.0000000000
8757999616.0000000000
8759000064.0000000000
8760000512.0000000000
8760999936.0000000000
8762000384.0000000000
8762999808.0000000000
8764000256.0000000000
8764999680.0000000000
8766000128.0000000000
8766999552.0000000000
8768000000.0000000000
8769000448.0000000000
8769999872.0000000000
8771000320.0000000000
8771999744.0000000000
8773000192.0000000000
8773999616.0000000000
8775000064.0000000000
8775999488.0000000000
8776999936.0000000000
8778000384.0000000000
8778999808.0000000000
8780000256.0000000000
8780999680.0000000000
8782000128.0000000000
8782999552.0000000000
8784000000.0000000000
8785000448.0000000000
8785999872.0000000000
8787000320.0000000000
8787999744.0000000000
8789000192.0000000000
8789999616.0000000000
8791000064.0000000000
8792000512.0000000000
8792999936.0000000000
8794000384.0000000000
8794999808.0000000000
8796000256.0000000000
8796999680.0000000000
8798000128.0000000000
8798999552.0000000000
8800000000.0000000000
8801000448.0000000000
8801999872.0000000000
8803000320.0000000000
8803999744.0000000000
8805000192.0000000000
8805999616.0000000000
8807000064.0000000000
8807999488.0000000000
8808999936.0000000000
8810000384.0000000000
8810999808.0000000000
8812000256.0000000000
8812999680.0000000000
8814000128.0000000000
8814999552.0000000000
8816000000.0000000000
8817000448.0000000000
8817999872.0000000000
8819000320.0000000000
8819999744.0000000000
8821000192.0000000000
8821999616.0000000000
8823000064.0000000000
8824000512.0000000000
8824999936.0000000000
8826000384.0000000000
8826999808.0000000000
8828000256.0000000000
8828999680.0000000000
8830000128.0000000000
8830999552.0000000000
8832000000.0000000000
8833000448.0000000000
8833999872.0000000000
8835000320.0000000000
8835999744.0000000000
8837000192.0000000000
8837999616.0000000000
8839000064.0000000000
8839999488.0000000000
8840999936.0000000000
8842000384.0000000000
8842999808.0000000000
8844000256.0000000000
8844999680.0000000000
8846000128.0000000000
8846999552.0000000000
8848000000.0000000000
8849000448.0000000000
8849999872.0000000000
8851000320.0000000000
8851999744.0000000000
8853000192.0000000000
8853999616.0000000000
8855000064.0000000000
8856000512.0000000000
8856999936.0000000000
8858000384.0000000000
8858999808.0000000000
8860000256.0000000000
8860999680.0000000000
8862000128.0000000000
8862999552.0000000000
8864000000.0000000000
8865000448.0000000000
8865999872.0000000000
8867000320.0000000000
8867999744.0000000000
8869000192.0000000000
8869999616.0000000000
8871000064.0000000000
8871999488.0000000000
8872999936.0000000000
8874000384.0000000000
8874999808.0000000000
8876000256.0000000000
8876999680.0000000000
8878000128.0000000000
8878999552.0000000000
8880000000.0000000000
8881000448.0000000000
8881999872.0000000000
8883000320.0000000000
8883999744.0000000000
8885000192.0000000000
8885999616.0000000000
8887000064.0000000000
8888000512.0000000000
8888999936.0000000000
8890000384.0000000000
8890999808.0000000000
8892000256.0000000000
8892999680.0000000000
8894000128.0000000000
8894999552.0000000000
8896000000.0000000000
8897000448.0000000000
8897999872.0000000000
8899000320.0000000000
8899999744.0000000000
8901000192.0000000000
8901999616.0000000000
8903000064.0000000000
8903999488.0000000000
8904999936.0000000000
8906000384.0000000000
8906999808.0000000000
8908000256.0000000000
8908999680.0000000000
8910000128.0000000000
8910999552.0000000000
8912000000.0000000000
8913000448.0000000000
8913999872.0000000000
8915000320.0000000000
8915999744.0000000000
8917000192.0000000000
8917999616.0000000000
8919000064.0000000000
8920000512.0000000000
8920999936.0000000000
8922000384.0000000000
8922999808.0000000000
8924000256.0000000000
8924999680.0000000000
8926000128.0000000000
8926999552.0000000000
8928000000.0000000000
8929000448.0000000000
8929999872.0000000000
8931000320.0000000000
8931999744.0000000000
8933000192.0000000000
8933999616.0000000000
8935000064.0000000000
8935999488.0000000000
8936999936.0000000000
8938000384.0000000000
8938999808.0000000000
8940000256.0000000000
8940999680.0000000000
8942000128.0000000000
8942999552.0000000000
8944000000.0000000000
8945000448.0000000000
8945999872.0000000000
8947000320.0000000000
8947999744.0000000000
8949000192.0000000000
8949999616.0000000000
8951000064.0000000000
8952000512.0000000000
8952999936.0000000000
8954000384.0000000000
8954999808.0000000000
8956000256.0000000000
8956999680.0000000000
8958000128.0000000000
8958999552.0000000000
8960000000.0000000000
8961000448.0000000000
8961999872.0000000000
8963000320.0000000000
8963999744.0000000000
8965000192.0000000000
8965999616.0000000000
8967000064.0000000000
8967999488.0000000000
8968999936.0000000000
8970000384.0000000000
8970999808.0000000000
8972000256.0000000000
8972999680.0000000000
8974000128.0000000000
8974999552.0000000000
8976000000.0000000000
8977000448.0000000000
8977999872.0000000000
8979000320.0000000000
8979999744.0000000000
8981000192.0000000000
8981999616.0000000000
8983000064.0000000000
8984000512.0000000000
8984999936.0000000000
8986000384.0000000000
8986999808.0000000000
8988000256.0000000000
8988999680.0000000000
8990000128.0000000000
8990999552.0000000000
8992000000.0000000000
8993000448.0000000000
8993999872.0000000000
8995000320.0000000000
8995999744.0000000000
8997000192.0000000000
8997999616.0000000000
8999000064.0000000000
8999999488.0000000000
9000999936.0000000000
9002000384.0000000000
9002999808.0000000000
9004000256.0000000000
9004999680.0000000000
9006000128.0000000000
9006999552.0000000000
9008000000.0000000000
9009000448.0000000000
9009999872.0000000000
9011000320.0000000000
9011999744.0000000000
9013000192.0000000000
9013999616.0000000000
9015000064.0000000000
9016000512.0000000000
9016999936.0000000000
9018000384.0000000000
9018999808.0000000000
9020000256.0000000000
9020999680.0000000000
9022000128.0000000000
9022999552.0000000000
9024000000.0000000000
9025000448.0000000000
9025999872.0000000000
9027000320.0000000000
9027999744.0000000000
9029000192.0000000000
9029999616.0000000000
9031000064.0000000000
9031999488.0000000000
9032999936.0000000000
9034000384.0000000000
9034999808.0000000000
9036000256.0000000000
9036999680.0000000000
9038000128.0000000000
9038999552.0000000000
9040000000.0000000000
9041000448.0000000000
9041999872.0000000000
9043000320.0000000000
9043999744.0000000000
9045000192.0000000000
9045999616.0000000000
9047000064.0000000000
9048000512.0000000000
9048999936.0000000000
9050000384.0000000000
9050999808.0000000000
9052000256.0000000000
9052999680.0000000000
9054000128.0000000000
9054999552.0000000000
9056000000.0000000000
9057000448.0000000000
9057999872.0000000000
9059000320.0000000000
9059999744.0000000000
9061000192.0000000000
9061999616.0000000000
9063000064.0000000000
9063999488.0000000000
9064999936.0000000000
9066000384.0000000000
9066999808.0000000000
9068000256.0000000000
9068999680.0000000000
9070000128.0000000000
9070999552.0000000000
9072000000.0000000000
9073000448.0000000000
9073999872.0000000000
9075000320.0000000000
9075999744.0000000000
9077000192.0000000000
9077999616.0000000000
9079000064.0000000000
9080000512.0000000000
9080999936.0000000000
9082000384.0000000000
9082999808.0000000000
9084000256.0000000000
9084999680.0000000000
9086000128.0000000000
9086999552.0000000000
9088000000.0000000000
9089000448.0000000000
9089999872.0000000000
9091000320.0000000000
9091999744.0000000000
9093000192.0000000000
9093999616.0000000000
9095000064.0000000000
9095999488.0000000000
9096999936.0000000000
9098000384.0000000000
9098999808.0000000000
9100000256.0000000000
9100999680.0000000000
9102000128.0000000000
9102999552.0000000000
9104000000.0000000000
9105000448.0000000000
9105999872.0000000000
9107000320.0000000000
9107999744.0000000000
9109000192.0000000000
9109999616.0000000000
9111000064.0000000000
9112000512.0000000000
9112999936.0000000000
9114000384.0000000000
9114999808.0000000000
9116000256.0000000000
9116999680.0000000000
9118000128.0000000000
9118999552.0000000000
9120000000.0000000000
9121000448.0000000000
9121999872.0000000000
9123000320.0000000000
9123999744.0000000000
9125000192.0000000000
9125999616.0000000000
9127000064.0000000000
9127999488.0000000000
9128999936.0000000000
9130000384.0000000000
9130999808.0000000000
9132000256.0000000000
9132999680.0000000000
9134000128.0000000000
9134999552.0000000000
9136000000.0000000000
9137000448.0000000000
9137999872.0000000000
9139000320.0000000000
9139999744.0000000000
9141000192.0000000000
9141999616.0000000000
9143000064.0000000000
9144000512.0000000000
9144999936.0000000000
9146000384.0000000000
9146999808.0000000000
9148000256.0000000000
9148999680.0000000000
9150000128.0000000000
9150999552.0000000000
9152000000.0000000000
9153000448.0000000000
9153999872.0000000000
9155000320.0000000000
9155999744.0000000000
9157000192.0000000000
9157999616.0000000000
9159000064.0000000000
9159999488.0000000000
9160999936.0000000000
9162000384.0000000000
9162999808.0000000000
9164000256.0000000000
9164999680.0000000000
9166000128.0000000000
9166999552.0000000000
9168000000.0000000000
9169000448.0000000000
9169999872.0000000000
9171000320.0000000000
9171999744.0000000000
9173000192.0000000000
9173999616.0000000000
9175000064.0000000000
9176000512.0000000000
9176999936.0000000000
9178000384.0000000000
9178999808.0000000000
9180000256.0000000000
9180999680.0000000000
9182000128.0000000000
9182999552.0000000000
9184000000.0000000000
9185000448.0000000000
9185999872.0000000000
9187000320.0000000000
9187999744.0000000000
9189000192.0000000000
9189999616.0000000000
9191000064.0000000000
9191999488.0000000000
9192999936.0000000000
9194000384.0000000000
9194999808.0000000000
9196000256.0000000000
9196999680.0000000000
9198000128.0000000000
9198999552.0000000000
9200000000.0000000000
9201000448.0000000000
9201999872.0000000000
9203000320.0000000000
9203999744.0000000000
9205000192.0000000000
9205999616.0000000000
9207000064.0000000000
9208000512.0000000000
9208999936.0000000000
9210000384.0000000000
9210999808.0000000000
9212000256.0000000000
9212999680.0000000000
9214000128.0000000000
9214999552.0000000000
9216000000.0000000000
9217000448.0000000000
9217999872.0000000000
9219000320.0000000000
9219999744.0000000000
9221000192.0000000000
9221999616.0000000000
9223000064.0000000000
9223999488.0000000000
9224999936.0000000000
9226000384.0000000000
9226999808.0000000000
9228000256.0000000000
9228999680.0000000000
9230000128.0000000000
9230999552.0000000000
9232000000.0000000000
9233000448.0000000000
9233999872.0000000000
9235000320.0000000000
9235999744.0000000000
9237000192.0000000000
9237999616.0000000000
9239000064.0000000000
9240000512.0000000000
9240999936.0000000000
9242000384.0000000000
9242999808.0000000000
9244000256.0000000000
9244999680.0000000000
9246000128.0000000000
9246999552.0000000000
9248000000.0000000000
9249000448.0000000000
9249999872.0000000000
9251000320.0000000000
9251999744.0000000000
9253000192.0000000000
9253999616.0000000000
9255000064.0000000000
9255999488.0000000000
9256999936.0000000000
9258000384.0000000000
9258999808.0000000000
9260000256.0000000000
9260999680.0000000000
9262000128.0000000000
9262999552.0000000000
9264000000.0000000000
9265000448.0000000000
9265999872.0000000000
9267000320.0000000000
9267999744.0000000000
9269000192.0000000000
9269999616.0000000000
9271000064.0000000000
9272000512.0000000000
9272999936.0000000000
9274000384.0000000000
9274999808.0000000000
9276000256.0000000000
9276999680.0000000000
9278000128.0000000000
9278999552.0000000000
9280000000.0000000000
9281000448.0000000000
9281999872.0000000000
9283000320.0000000000
9283999744.0000000000
9285000192.0000000000
9285999616.0000000000
9287000064.0000000000
9287999488.0000000000
9288999936.0000000000
9290000384.0000000000
9290999808.0000000000
9292000256.0000000000
9292999680.0000000000
9294000128.0000000000
9294999552.0000000000
9296000000.0000000000
9297000448.0000000000
9297999872.0000000000
9299000320.0000000000
9299999744.0000000000
9301000192.0000000000
9301999616.0000000000
9303000064.0000000000
9304000512.0000000000
9304999936.0000000000
9306000384.0000000000
9306999808.0000000000
9308000256.0000000000
9308999680.0000000000
9310000128.0000000000
9310999552.0000000000
9312000000.0000000000
9313000448.0000000000
9313999872.0000000000
9315000320.0000000000
9315999744.0000000000
9317000192.0000000000
9317999616.0000000000
9319000064.0000000000
9319999488.0000000000
9320999936.0000000000
9322000384.0000000000
9322999808.0000000000
9324000256.0000000000
9324999680.0000000000
9326000128.0000000000
9326999552.0000000000
9328000000.0000000000
9329000448.0000000000
9329999872.0000000000
9331000320.0000000000
9331999744.0000000000
9333000192.0000000000
9333999616.0000000000
9335000064.0000000000
9336000512.0000000000
9336999936.0000000000
9338000384.0000000000
9338999808.0000000000
9340000256.0000000000
9340999680.0000000000
9342000128.0000000000
9342999552.0000000000
9344000000.0000000000
9345000448.0000000000
9345999872.0000000000
9347000320.0000000000
9347999744.0000000000
9349000192.0000000000
9349999616.0000000000
9351000064.0000000000
9351999488.0000000000
9352999936.0000000000
9354000384.0000000000
9354999808.0000000000
9356000256.0000000000
9356999680.0000000000
9358000128.0000000000
9358999552.0000000000
9360000000.0000000000
9361000448.0000000000
9361999872.0000000000
9363000320.0000000000
9363999744.0000000000
9365000192.0000000000
9365999616.0000000000
9367000064.0000000000
9368000512.0000000000
9368999936.0000000000
9370000384.0000000000
9370999808.0000000000
9372000256.0000000000
9372999680.0000000000
9374000128.0000000000
9374999552.0000000000
9376000000.0000000000
9377000448.0000000000
9377999872.0000000000
9379000320.0000000000
9379999744.0000000000
9381000192.0000000000
9381999616.0000000000
9383000064.0000000000
9383999488.0000000000
9384999936.0000000000
9386000384.0000000000
9386999808.0000000000
9388000256.0000000000
9388999680.0000000000
9390000128.0000000000
9390999552.0000000000
9392000000.0000000000
9393000448.0000000000
9393999872.0000000000
9395000320.0000000000
9395999744.0000000000
9397000192.0000000000
9397999616.0000000000
9399000064.0000000000
9400000512.0000000000
9400999936.0000000000
9402000384.0000000000
9402999808.0000000000
9404000256.0000000000
9404999680.0000000000
9406000128.0000000000
9406999552.0000000000
9408000000.0000000000
9409000448.0000000000
9409999872.0000000000
9411000320.0000000000
9411999744.0000000000
9413000192.0000000000
9413999616.0000000000
9415000064.0000000000
9415999488.0000000000
9416999936.0000000000
9418000384.0000000000
9418999808.0000000000
9420000256.0000000000
9420999680.0000000000
9422000128.0000000000
9422999552.0000000000
9424000000.0000000000
9425000448.0000000000
9425999872.0000000000
9427000320.0000000000
9427999744.0000000000
9429000192.0000000000
9429999616.0000000000
9431000064.0000000000
9432000512.0000000000
9432999936.0000000000
9434000384.0000000000
9434999808.0000000000
9436000256.0000000000
9436999680.0000000000
9438000128.0000000000
9438999552.0000000000
9440000000.0000000000
9441000448.0000000000
9441999872.0000000000
9443000320.0000000000
9443999744.0000000000
9445000192.0000000000
9445999616.0000000000
9447000064.0000000000
9447999488.0000000000
9448999936.0000000000
9450000384.0000000000
9450999808.0000000000
9452000256.0000000000
9452999680.0000000000
9454000128.0000000000
9454999552.0000000000
9456000000.0000000000
9457000448.0000000000
9457999872.0000000000
9459000320.0000000000
9459999744.0000000000
9461000192.0000000000
9461999616.0000000000
9463000064.0000000000
9464000512.0000000000
9464999936.0000000000
9466000384.0000000000
9466999808.0000000000
9468000256.0000000000
9468999680.0000000000
9470000128.0000000000
9470999552.0000000000
9472000000.0000000000
9473000448.0000000000
9473999872.0000000000
9475000320.0000000000
9475999744.0000000000
9477000192.0000000000
9477999616.0000000000
9479000064.0000000000
9479999488.0000000000
9480999936.0000000000
9482000384.0000000000
9482999808.0000000000
9484000256.0000000000
9484999680.0000000000
9486000128.0000000000
9486999552.0000000000
9488000000.0000000000
9489000448.0000000000
9489999872.0000000000
9491000320.0000000000
9491999744.0000000000
9493000192.0000000000
9493999616.0000000000
9495000064.0000000000
9496000512.0000000000
9496999936.0000000000
9498000384.0000000000
9498999808.0000000000
9500000256.0000000000
9500999680.0000000000
9502000128.0000000000
9502999552.0000000000
9504000000.0000000000
9505000448.0000000000
9505999872.0000000000
9507000320.0000000000
9507999744.0000000000
9509000192.0000000000
9509999616.0000000000
9511000064.0000000000
9511999488.0000000000
9512999936.0000000000
9514000384.0000000000
9514999808.0000000000
9516000256.0000000000
9516999680.0000000000
9518000128.0000000000
9518999552.0000000000
9520000000.0000000000
9521000448.0000000000
9521999872.0000000000
9523000320.0000000000
9523999744.0000000000
9525000192.0000000000
9525999616.0000000000
9527000064.0000000000
9528000512.0000000000
9528999936.0000000000
9530000384.0000000000
9530999808.0000000000
9532000256.0000000000
9532999680.0000000000
9534000128.0000000000
9534999552.0000000000
9536000000.0000000000
9537000448.0000000000
9537999872.0000000000
9539000320.0000000000
9539999744.0000000000
9541000192.0000000000
9541999616.0000000000
9543000064.0000000000
9543999488.0000000000
9544999936.0000000000
9546000384.0000000000
9546999808.0000000000
9548000256.0000000000
9548999680.0000000000
9550000128.0000000000
9550999552.0000000000
9552000000.0000000000
9553000448.0000000000
9553999872.0000000000
9555000320.0000000000
9555999744.0000000000
9557000192.0000000000
9557999616.0000000000
9559000064.0000000000
9560000512.0000000000
9560999936.0000000000
9562000384.0000000000
9562999808.0000000000
9564000256.0000000000
9564999680.0000000000
9566000128.0000000000
9566999552.0000000000
9568000000.0000000000
9569000448.0000000000
9569999872.0000000000
9571000320.0000000000
9571999744.0000000000
9573000192.0000000000
9573999616.0000000000
9575000064.0000000000
9575999488.0000000000
9576999936.0000000000
9578000384.0000000000
9578999808.0000000000
9580000256.0000000000
9580999680.0000000000
9582000128.0000000000
9582999552.0000000000
9584000000.0000000000
9585000448.0000000000
9585999872.0000000000
9587000320.0000000000
9587999744.0000000000
9589000192.0000000000
9589999616.0000000000
9591000064.0000000000
9592000512.0000000000
9592999936.0000000000
9594000384.0000000000
9594999808.0000000000
9596000256.0000000000
9596999680.0000000000
9598000128.0000000000
9598999552.0000000000
9600000000.0000000000
9601000448.0000000000
9601999872.0000000000
9603000320.0000000000
9603999744.0000000000
9605000192.0000000000
9605999616.0000000000
9607000064.0000000000
9607999488.0000000000
9608999936.0000000000
9610000384.0000000000
9610999808.0000000000
9612000256.0000000000
9612999680.0000000000
9614000128.0000000000
9614999552.0000000000
9616000000.0000000000
9617000448.0000000000
9617999872.0000000000
9619000320.0000000000
9619999744.0000000000
9621000192.0000000000
9621999616.0000000000
9623000064.0000000000
9624000512.0000000000
9624999936.0000000000
9626000384.0000000000
9626999808.0000000000
9628000256.0000000000
9628999680.0000000000
9630000128.0000000000
9630999552.0000000000
9632000000.0000000000
9633000448.0000000000
9633999872.0000000000
9635000320.0000000000
9635999744.0000000000
9637000192.0000000000
9637999616.0000000000
9639000064.0000000000
9639999488.0000000000
9640999936.0000000000
9642000384.0000000000
9642999808.0000000000
9644000256.0000000000
9644999680.0000000000
9646000128.0000000000
9646999552.0000000000
9648000000.0000000000
9649000448.0000000000
9649999872.0000000000
9651000320.0000000000
9651999744.0000000000
9653000192.0000000000
9653999616.0000000000
9655000064.0000000000
9656000512.0000000000
9656999936.0000000000
9658000384.0000000000
9658999808.0000000000
9660000256.0000000000
9660999680.0000000000
9662000128.0000000000
9662999552.0000000000
9664000000.0000000000
9665000448.0000000000
9665999872.0000000000
9667000320.0000000000
9667999744.0000000000
9669000192.0000000000
9669999616.0000000000
9671000064.0000000000
9671999488.0000000000
9672999936.0000000000
9674000384.0000000000
9674999808.0000000000
9676000256.0000000000
9676999680.0000000000
9678000128.0000000000
9678999552.0000000000
9680000000.0000000000
9681000448.0000000000
9681999872.0000000000
9683000320.0000000000
9683999744.0000000000
9685000192.0000000000
9685999616.0000000000
9687000064.0000000000
9688000512.0000000000
9688999936.0000000000
9690000384.0000000000
9690999808.0000000000
9692000256.0000000000
9692999680.0000000000
9694000128.0000000000
9694999552.0000000000
9696000000.0000000000
9697000448.0000000000
9697999872.0000000000
9699000320.0000000000
9699999744.0000000000
9701000192.0000000000
9701999616.0000000000
9703000064.0000000000
9703999488.0000000000
9704999936.0000000000
9706000384.0000000000
9706999808.0000000000
9708000256.0000000000
9708999680.0000000000
9710000128.0000000000
9710999552.0000000000
9712000000.0000000000
9713000448.0000000000
9713999872.0000000000
9715000320.0000000000
9715999744.0000000000
9717000192.0000000000
9717999616.0000000000
9719000064.0000000000
9720000512.0000000000
9720999936.0000000000
9722000384.0000000000
9722999808.0000000000
9724000256.0000000000
9724999680.0000000000
9726000128.0000000000
9726999552.0000000000
9728000000.0000000000
9729000448.0000000000
9729999872.0000000000
9731000320.0000000000
9731999744.0000000000
9733000192.0000000000
9733999616.0000000000
9735000064.0000000000
9735999488.0000000000
9736999936.0000000000
9738000384.0000000000
9738999808.0000000000
9740000256.0000000000
9740999680.0000000000
9742000128.0000000000
9742999552.0000000000
9744000000.0000000000
9745000448.0000000000
9745999872.0000000000
9747000320.0000000000
9747999744.0000000000
9749000192.0000000000
9749999616.0000000000
9751000064.0000000000
9752000512.0000000000
9752999936.0000000000
9754000384.0000000000
9754999808.0000000000
9756000256.0000000000
9756999680.0000000000
9758000128.0000000000
9758999552.0000000000
9760000000.0000000000
9761000448.0000000000
9761999872.0000000000
9763000320.0000000000
9763999744.0000000000
9765000192.0000000000
9765999616.0000000000
9767000064.0000000000
9767999488.0000000000
9768999936.0000000000
9770000384.0000000000
9770999808.0000000000
9772000256.0000000000
9772999680.0000000000
9774000128.0000000000
9774999552.0000000000
9776000000.0000000000
9777000448.0000000000
9777999872.0000000000
9779000320.0000000000
9779999744.0000000000
9781000192.0000000000
9781999616.0000000000
9783000064.0000000000
9784000512.0000000000
9784999936.0000000000
9786000384.0000000000
9786999808.0000000000
9788000256.0000000000
9788999680.0000000000
9790000128.0000000000
9790999552.0000000000
9792000000.0000000000
9793000448.0000000000
9793999872.0000000000
9795000320.0000000000
9795999744.0000000000
9797000192.0000000000
9797999616.0000000000
9799000064.0000000000
9799999488.0000000000
9800999936.0000000000
9802000384.0000000000
9802999808.0000000000
9804000256.0000000000
9804999680.0000000000
9806000128.0000000000
9806999552.0000000000
9808000000.0000000000
9809000448.0000000000
9809999872.0000000000
9811000320.0000000000
9811999744.0000000000
9813000192.0000000000
9813999616.0000000000
9815000064.0000000000
9816000512.0000000000
9816999936.0000000000
9818000384.0000000000
9818999808.0000000000
9820000256.0000000000
9820999680.0000000000
9822000128.0000000000
9822999552.0000000000
9824000000.0000000000
9825000448.0000000000
9825999872.0000000000
9827000320.0000000000
9827999744.0000000000
9829000192.0000000000
9829999616.0000000000
9831000064.0000000000
9831999488.0000000000
9832999936.0000000000
9834000384.0000000000
9834999808.0000000000
9836000256.0000000000
9836999680.0000000000
9838000128.0000000000
9838999552.0000000000
9840000000.0000000000
9841000448.0000000000
9841999872.0000000000
9843000320.0000000000
9843999744.0000000000
9845000192.0000000000
9845999616.0000000000
9847000064.0000000000
9848000512.0000000000
9848999936.0000000000
9850000384.0000000000
9850999808.0000000000
9852000256.0000000000
9852999680.0000000000
9854000128.0000000000
9854999552.0000000000
9856000000.0000000000
9857000448.0000000000
9857999872.0000000000
9859000320.0000000000
9859999744.0000000000
9861000192.0000000000
9861999616.0000000000
9863000064.0000000000
9863999488.0000000000
9864999936.0000000000
9866000384.0000000000
9866999808.0000000000
9868000256.0000000000
9868999680.0000000000
9870000128.0000000000
9870999552.0000000000
9872000000.0000000000
9873000448.0000000000
9873999872.0000000000
9875000320.0000000000
9875999744.0000000000
9877000192.0000000000
9877999616.0000000000
9879000064.0000000000
9880000512.0000000000
9880999936.0000000000
9882000384.0000000000
9882999808.0000000000
9884000256.0000000000
9884999680.0000000000
9886000128.0000000000
9886999552.0000000000
9888000000.0000000000
9889000448.0000000000
9889999872.0000000000
9891000320.0000000000
9891999744.0000000000
9893000192.0000000000
9893999616.0000000000
9895000064.0000000000
9895999488.0000000000
9896999936.0000000000
9898000384.0000000000
9898999808.0000000000
9900000256.0000000000
9900999680.0000000000
9902000128.0000000000
9902999552.0000000000
9904000000.0000000000
9905000448.0000000000
9905999872.0000000000
9907000320.0000000000
9907999744.0000000000
9909000192.0000000000
9909999616.0000000000
9911000064.0000000000
9912000512.0000000000
9912999936.0000000000
9914000384.0000000000
9914999808.0000000000
9916000256.0000000000
9916999680.0000000000
9918000128.0000000000
9918999552.0000000000
9920000000.0000000000
9921000448.0000000000
9921999872.0000000000
9923000320.0000000000
9923999744.0000000000
9925000192.0000000000
9925999616.0000000000
9927000064.0000000000
9927999488.0000000000
9928999936.0000000000
9930000384.0000000000
9930999808.0000000000
9932000256.0000000000
9932999680.0000000000
9934000128.0000000000
9934999552.0000000000
9936000000.0000000000
9937000448.0000000000
9937999872.0000000000
9939000320.0000000000
9939999744.0000000000
9941000192.0000000000
9941999616.0000000000
9943000064.0000000000
9944000512.0000000000
9944999936.0000000000
9946000384.0000000000
9946999808.0000000000
9948000256.0000000000
9948999680.0000000000
9950000128.0000000000
9950999552.0000000000
9952000000.0000000000
9953000448.0000000000
9953999872.0000000000
9955000320.0000000000
9955999744.0000000000
9957000192.0000000000
9957999616.0000000000
9959000064.0000000000
9959999488.0000000000
9960999936.0000000000
9962000384.0000000000
9962999808.0000000000
9964000256.0000000000
9964999680.0000000000
9966000128.0000000000
9966999552.0000000000
9968000000.0000000000
9969000448.0000000000
9969999872.0000000000
9971000320.0000000000
9971999744.0000000000
9973000192.0000000000
9973999616.0000000000
9975000064.0000000000
9976000512.0000000000
9976999936.0000000000
9978000384.0000000000
9978999808.0000000000
9980000256.0000000000
9980999680.0000000000
9982000128.0000000000
9982999552.0000000000
9984000000.0000000000
9985000448.0000000000
9985999872.0000000000
9987000320.0000000000
9987999744.0000000000
9989000192.0000000000
9989999616.0000000000
9991000064.0000000000
9991999488.0000000000
9992999936.0000000000
9994000384.0000000000
9994999808.0000000000
9996000256.0000000000
9996999680.0000000000
9998000128.0000000000
9998999552.0000000000
10000000000.0000000000
10001000448.0000000000
10001999872.0000000000
10003000320.0000000000
10003999744.0000000000
10005000192.0000000000
10005999616.0000000000
10007000064.0000000000
10008000512.0000000000
10008999936.0000000000
10010000384.0000000000
10010999808.0000000000
10012000256.0000000000
10012999680.0000000000
10014000128.0000000000
10014999552.0000000000
10016000000.0000000000
10017000448.0000000000
10017999872.0000000000
10019000320.0000000000
10019999744.0000000000
10021000192.0000000000
10021999616.0000000000
10023000064.0000000000
10023999488.0000000000
10024999936.0000000000
10026000384.0000000000
10026999808.0000000000
10028000256.0000000000
10028999680.0000000000
10030000128.0000000000
10030999552.0000000000
10032000000.0000000000
10033000448.0000000000
10033999872.0000000000
10035000320.0000000000
10035999744.0000000000
10037000192.0000000000
10037999616.0000000000
10039000064.0000000000
10040000512.0000000000
10040999936.0000000000
10042000384.0000000000
10042999808.0000000000
10044000256.0000000000
10044999680.0000000000
10046000128.0000000000
10046999552.0000000000
10048000000.0000000000
10049000448.0000000000
10049999872.0000000000
10051000320.0000000000
10051999744.0000000000
10053000192.0000000000
10053999616.0000000000
10055000064.0000000000
10055999488.0000000000
10056999936.0000000000
10058000384.0000000000
10058999808.0000000000
10060000256.0000000000
10060999680.0000000000
10062000128.0000000000
10062999552.0000000000
10064000000.0000000000
10065000448.0000000000
10065999872.0000000000
10067000320.0000000000
10067999744.0000000000
10069000192.0000000000
10069999616.0000000000
10071000064.0000000000
10072000512.0000000000
10072999936.0000000000
10074000384.0000000000
10074999808.0000000000
10076000256.0000000000
10076999680.0000000000
10078000128.0000000000
10078999552.0000000000
10080000000.0000000000
10081000448.0000000000
10081999872.0000000000
10083000320.0000000000
10083999744.0000000000
10085000192.0000000000
10085999616.0000000000
10087000064.0000000000
10087999488.0000000000
10088999936.0000000000
10090000384.0000000000
10090999808.0000000000
10092000256.0000000000
10092999680.0000000000
10094000128.0000000000
10094999552.0000000000
10096000000.0000000000
10097000448.0000000000
10097999872.0000000000
10099000320.0000000000
10099999744.0000000000
10101000192.0000000000
10101999616.0000000000
10103000064.0000000000
10104000512.0000000000
10104999936.0000000000
10106000384.0000000000
10106999808.0000000000
10108000256.0000000000
10108999680.0000000000
10110000128.0000000000
10110999552.0000000000
10112000000.0000000000
10113000448.0000000000
10113999872.0000000000
10115000320.0000000000
10115999744.0000000000
10117000192.0000000000
10117999616.0000000000
10119000064.0000000000
10119999488.0000000000
10120999936.0000000000
10122000384.0000000000
10122999808.0000000000
10124000256.0000000000
10124999680.0000000000
10126000128.0000000000
10126999552.0000000000
10128000000.0000000000
10129000448.0000000000
10129999872.0000000000
10131000320.0000000000
10131999744.0000000000
10133000192.0000000000
10133999616.0000000000
10135000064.0000000000
10136000512.0000000000
10136999936.0000000000
10138000384.0000000000
10138999808.0000000000
10140000256.0000000000
10140999680.0000000000
10142000128.0000000000
10142999552.0000000000
10144000000.0000000000
10145000448.0000000000
10145999872.0000000000
10147000320.0000000000
10147999744.0000000000
10149000192.0000000000
10149999616.0000000000
10151000064.0000000000
10151999488.0000000000
10152999936.0000000000
10154000384.0000000000
10154999808.0000000000
10156000256.0000000000
10156999680.0000000000
10158000128.0000000000
10158999552.0000000000
10160000000.0000000000
10161000448.0000000000
10161999872.0000000000
10163000320.0000000000
10163999744.0000000000
10165000192.0000000000
10165999616.0000000000
10167000064.0000000000
10168000512.0000000000
10168999936.0000000000
10170000384.0000000000
10170999808.0000000000
10172000256.0000000000
10172999680.0000000000
10174000128.0000000000
10174999552.0000000000
10176000000.0000000000
10177000448.0000000000
10177999872.0000000000
10179000320.0000000000
10179999744.0000000000
10181000192.0000000000
10181999616.0000000000
10183000064.0000000000
10183999488.0000000000
10184999936.0000000000
10186000384.0000000000
10186999808.0000000000
10188000256.0000000000
10188999680.0000000000
10190000128.0000000000
10190999552.0000000000
10192000000.0000000000
10193000448.0000000000
10193999872.0000000000
10195000320.0000000000
10195999744.0000000000
10197000192.0000000000
10197999616.0000000000
10199000064.0000000000
10200000512.0000000000
10200999936.0000000000
10202000384.0000000000
10202999808.0000000000
10204000256.0000000000
10204999680.0000000000
10206000128.0000000000
10206999552.0000000000
10208000000.0000000000
10209000448.0000000000
10209999872.0000000000
10211000320.0000000000
10211999744.0000000000
10213000192.0000000000
10213999616.0000000000
10215000064.0000000000
10215999488.0000000000
10216999936.0000000000
10218000384.0000000000
10218999808.0000000000
10220000256.0000000000
10220999680.0000000000
10222000128.0000000000
10222999552.0000000000
10224000000.0000000000
10225000448.0000000000
10225999872.0000000000
10227000320.0000000000
10227999744.0000000000
10229000192.0000000000
10229999616.0000000000
10231000064.0000000000
10232000512.0000000000
10232999936.0000000000
10234000384.0000000000
10234999808.0000000000
10236000256.0000000000
10236999680.0000000000
10238000128.0000000000
10238999552.0000000000
10240000000.0000000000
10241000448.0000000000
10241999872.0000000000
10243000320.0000000000
10243999744.0000000000
10245000192.0000000000
10245999616.0000000000
10247000064.0000000000
10247999488.0000000000
10248999936.0000000000
10250000384.0000000000
10250999808.0000000000
10252000256.0000000000
10252999680.0000000000
10254000128.0000000000
10254999552.0000000000
10256000000.0000000000
10257000448.0000000000
10257999872.0000000000
10259000320.0000000000
10259999744.0000000000
10261000192.0000000000
10261999616.0000000000
10263000064.0000000000
10264000512.0000000000
10264999936.0000000000
10266000384.0000000000
10266999808.0000000000
10268000256.0000000000
10268999680.0000000000
10270000128.0000000000
10270999552.0000000000
10272000000.0000000000
10273000448.0000000000
10273999872.0000000000
10275000320.0000000000
10275999744.0000000000
10277000192.0000000000
10277999616.0000000000
10279000064.0000000000
10279999488.0000000000
10280999936.0000000000
10282000384.0000000000
10282999808.0000000000
10284000256.0000000000
10284999680.0000000000
10286000128.0000000000
10286999552.0000000000
10288000000.0000000000
10289000448.0000000000
10289999872.0000000000
10291000320.0000000000
10291999744.0000000000
10293000192.0000000000
10293999616.0000000000
10295000064.0000000000
10296000512.0000000000
10296999936.0000000000
10298000384.0000000000
10298999808.0000000000
10300000256.0000000000
10300999680.0000000000
10302000128.0000000000
10302999552.0000000000
10304000000.0000000000
10305000448.0000000000
10305999872.0000000000
10307000320.0000000000
10307999744.0000000000
10309000192.0000000000
10309999616.0000000000
10311000064.0000000000
10311999488.0000000000
10312999936.0000000000
10314000384.0000000000
10314999808.0000000000
10316000256.0000000000
10316999680.0000000000
10318000128.0000000000
10318999552.0000000000
10320000000.0000000000
10321000448.0000000000
10321999872.0000000000
10323000320.0000000000
10323999744.0000000000
10325000192.0000000000
10325999616.0000000000
10327000064.0000000000
10328000512.0000000000
10328999936.0000000000
10330000384.0000000000
10330999808.0000000000
10332000256.0000000000
10332999680.0000000000
10334000128.0000000000
10334999552.0000000000
10336000000.0000000000
10337000448.0000000000
10337999872.0000000000
10339000320.0000000000
10339999744.0000000000
10341000192.0000000000
10341999616.0000000000
10343000064.0000000000
10343999488.0000000000
10344999936.0000000000
10346000384.0000000000
10346999808.0000000000
10348000256.0000000000
10348999680.0000000000
10350000128.0000000000
10350999552.0000000000
10352000000.0000000000
10353000448.0000000000
10353999872.0000000000
10355000320.0000000000
10355999744.0000000000
10357000192.0000000000
10357999616.0000000000
10359000064.0000000000
10360000512.0000000000
10360999936.0000000000
10362000384.0000000000
10362999808.0000000000
10364000256.0000000000
10364999680.0000000000
10366000128.0000000000
10366999552.0000000000
10368000000.0000000000
10369000448.0000000000
10369999872.0000000000
10371000320.0000000000
10371999744.0000000000
10373000192.0000000000
10373999616.0000000000
10375000064.0000000000
10375999488.0000000000
10376999936.0000000000
10378000384.0000000000
10378999808.0000000000
10380000256.0000000000
10380999680.0000000000
10382000128.0000000000
10382999552.0000000000
10384000000.0000000000
10385000448.0000000000
10385999872.0000000000
10387000320.0000000000
10387999744.0000000000
10389000192.0000000000
10389999616.0000000000
10391000064.0000000000
10392000512.0000000000
10392999936.0000000000
10394000384.0000000000
10394999808.0000000000
10396000256.0000000000
10396999680.0000000000
10398000128.0000000000
10398999552.0000000000
10400000000.0000000000
10401000448.0000000000
10401999872.0000000000
10403000320.0000000000
10403999744.0000000000
10405000192.0000000000
10405999616.0000000000
10407000064.0000000000
10407999488.0000000000
10408999936.0000000000
10410000384.0000000000
10410999808.0000000000
10412000256.0000000000
10412999680.0000000000
10414000128.0000000000
10414999552.0000000000
10416000000.0000000000
10417000448.0000000000
10417999872.0000000000
10419000320.0000000000
10419999744.0000000000
10421000192.0000000000
10421999616.0000000000
10423000064.0000000000
10424000512.0000000000
10424999936.0000000000
10426000384.0000000000
10426999808.0000000000
10428000256.0000000000
10428999680.0000000000
10430000128.0000000000
10430999552.0000000000
10432000000.0000000000
10433000448.0000000000
10433999872.0000000000
10435000320.0000000000
10435999744.0000000000
10437000192.0000000000
10437999616.0000000000
10439000064.0000000000
10439999488.0000000000
10440999936.0000000000
10442000384.0000000000
10442999808.0000000000
10444000256.0000000000
10444999680.0000000000
10446000128.0000000000
10446999552.0000000000
10448000000.0000000000
10449000448.0000000000
10449999872.0000000000
10451000320.0000000000
10451999744.0000000000
10453000192.0000000000
10453999616.0000000000
10455000064.0000000000
10456000512.0000000000
10456999936.0000000000
10458000384.0000000000
10458999808.0000000000
10460000256.0000000000
10460999680.0000000000
10462000128.0000000000
10462999552.0000000000
10464000000.0000000000
10465000448.0000000000
10465999872.0000000000
10467000320.0000000000
10467999744.0000000000
10469000192.0000000000
10469999616.0000000000
10471000064.0000000000
10471999488.0000000000
10472999936.0000000000
10474000384.0000000000
10474999808.0000000000
10476000256.0000000000
10476999680.0000000000
10478000128.0000000000
10478999552.0000000000
10480000000.0000000000
10481000448.0000000000
10481999872.0000000000
10483000320.0000000000
10483999744.0000000000
10485000192.0000000000
10485999616.0000000000
10487000064.0000000000
10488000512.0000000000
10488999936.0000000000
10490000384.0000000000
10490999808.0000000000
10492000256.0000000000
10492999680.0000000000
10494000128.0000000000
10494999552.0000000000
10496000000.0000000000
10497000448.0000000000
10497999872.0000000000
10499000320.0000000000
10499999744.0000000000
10501000192.0000000000
10501999616.0000000000
10503000064.0000000000
10503999488.0000000000
10504999936.0000000000
10506000384.0000000000
10506999808.0000000000
10508000256.0000000000
10508999680.0000000000
10510000128.0000000000
10510999552.0000000000
10512000000.0000000000
10513000448.0000000000
10513999872.0000000000
10515000320.0000000000
10515999744.0000000000
10517000192.0000000000
10517999616.0000000000
10519000064.0000000000
10520000512.0000000000
10520999936.0000000000
10522000384.0000000000
10522999808.0000000000
10524000256.0000000000
10524999680.0000000000
10526000128.0000000000
10526999552.0000000000
10528000000.0000000000
10529000448.0000000000
10529999872.0000000000
10531000320.0000000000
10531999744.0000000000
10533000192.0000000000
10533999616.0000000000
10535000064.0000000000
10535999488.0000000000
10536999936.0000000000
10538000384.0000000000
10538999808.0000000000
10540000256.0000000000
10540999680.0000000000
10542000128.0000000000
10542999552.0000000000
10544000000.0000000000
10545000448.0000000000
10545999872.0000000000
10547000320.0000000000
10547999744.0000000000
10549000192.0000000000
10549999616.0000000000
10551000064.0000000000
10552000512.0000000000
10552999936.0000000000
10554000384.0000000000
10554999808.0000000000
10556000256.0000000000
10556999680.0000000000
10558000128.0000000000
10558999552.0000000000
10560000000.0000000000
10561000448.0000000000
10561999872.0000000000
10563000320.0000000000
10563999744.0000000000
10565000192.0000000000
10565999616.0000000000
10567000064.0000000000
10567999488.0000000000
10568999936.0000000000
10570000384.0000000000
10570999808.0000000000
10572000256.0000000000
10572999680.0000000000
10574000128.0000000000
10574999552.0000000000
10576000000.0000000000
10577000448.0000000000
10577999872.0000000000
10579000320.0000000000
10579999744.0000000000
10581000192.0000000000
10581999616.0000000000
10583000064.0000000000
10584000512.0000000000
10584999936.0000000000
10586000384.0000000000
10586999808.0000000000
10588000256.0000000000
10588999680.0000000000
10590000128.0000000000
10590999552.0000000000
10592000000.0000000000
10593000448.0000000000
10593999872.0000000000
10595000320.0000000000
10595999744.0000000000
10597000192.0000000000
10597999616.0000000000
10599000064.0000000000
10599999488.0000000000
10600999936.0000000000
10602000384.0000000000
10602999808.0000000000
10604000256.0000000000
10604999680.0000000000
10606000128.0000000000
10606999552.0000000000
10608000000.0000000000
10609000448.0000000000
10609999872.0000000000
10611000320.0000000000
10611999744.0000000000
10613000192.0000000000
10613999616.0000000000
10615000064.0000000000
10616000512.0000000000
10616999936.0000000000
10618000384.0000000000
10618999808.0000000000
10620000256.0000000000
10620999680.0000000000
10622000128.0000000000
10622999552.0000000000
10624000000.0000000000
10625000448.0000000000
10625999872.0000000000
10627000320.0000000000
10627999744.0000000000
10629000192.0000000000
10629999616.0000000000
10631000064.0000000000
10631999488.0000000000
10632999936.0000000000
10634000384.0000000000
10634999808.0000000000
10636000256.0000000000
10636999680.0000000000
10638000128.0000000000
10638999552.0000000000
10640000000.0000000000
10641000448.0000000000
10641999872.0000000000
10643000320.0000000000
10643999744.0000000000
10645000192.0000000000
10645999616.0000000000
10647000064.0000000000
10648000512.0000000000
10648999936.0000000000
10650000384.0000000000
10650999808.0000000000
10652000256.0000000000
10652999680.0000000000
10654000128.0000000000
10654999552.0000000000
10656000000.0000000000
10657000448.0000000000
10657999872.0000000000
10659000320.0000000000
10659999744.0000000000
10661000192.0000000000
10661999616.0000000000
10663000064.0000000000
10663999488.0000000000
10664999936.0000000000
10666000384.0000000000
10666999808.0000000000
10668000256.0000000000
10668999680.0000000000
10670000128.0000000000
10670999552.0000000000
10672000000.0000000000
10673000448.0000000000
10673999872.0000000000
10675000320.0000000000
10675999744.0000000000
10677000192.0000000000
10677999616.0000000000
10679000064.0000000000
10680000512.0000000000
10680999936.0000000000
10682000384.0000000000
10682999808.0000000000
10684000256.0000000000
10684999680.0000000000
10686000128.0000000000
10686999552.0000000000
10688000000.0000000000
10689000448.0000000000
10689999872.0000000000
10691000320.0000000000
10691999744.0000000000
10693000192.0000000000
10693999616.0000000000
10695000064.0000000000
10695999488.0000000000
10696999936.0000000000
10698000384.0000000000
10698999808.0000000000
10700000256.0000000000
10700999680.0000000000
10702000128.0000000000
10702999552.0000000000
10704000000.0000000000
10705000448.0000000000
10705999872.0000000000
10707000320.0000000000
10707999744.0000000000
10709000192.0000000000
10709999616.0000000000
10711000064.0000000000
10712000512.0000000000
10712999936.0000000000
10714000384.0000000000
10714999808.0000000000
10716000256.0000000000
10716999680.0000000000
10718000128.0000000000
10718999552.0000000000
10720000000.0000000000
10721000448.0000000000
10721999872.0000000000
10723000320.0000000000
10723999744.0000000000
10725000192.0000000000
10725999616.0000000000
10727000064.0000000000
10727999488.0000000000
10728999936.0000000000
10730000384.0000000000
10730999808.0000000000
10732000256.0000000000
10732999680.0000000000
10734000128.0000000000
10734999552.0000000000
10736000000.0000000000
10737000448.0000000000
10737999872.0000000000
10739000320.0000000000
10739999744.0000000000
10741000192.0000000000
10741999616.0000000000
10743000064.0000000000
10744000512.0000000000
10744999936.0000000000
10746000384.0000000000
10746999808.0000000000
10748000256.0000000000
10748999680.0000000000
10750000128.0000000000
10750999552.0000000000
10752000000.0000000000
10753000448.0000000000
10753999872.0000000000
10755000320.0000000000
10755999744.0000000000
10757000192.0000000000
10757999616.0000000000
10759000064.0000000000
10759999488.0000000000
10760999936.0000000000
10762000384.0000000000
10762999808.0000000000
10764000256.0000000000
10764999680.0000000000
10766000128.0000000000
10766999552.0000000000
10768000000.0000000000
10769000448.0000000000
10769999872.0000000000
10771000320.0000000000
10771999744.0000000000
10773000192.0000000000
10773999616.0000000000
10775000064.0000000000
10776000512.0000000000
10776999936.0000000000
10778000384.0000000000
10778999808.0000000000
10780000256.0000000000
10780999680.0000000000
10782000128.0000000000
10782999552.0000000000
10784000000.0000000000
10785000448.0000000000
10785999872.0000000000
10787000320.0000000000
10787999744.0000000000
10789000192.0000000000
10789999616.0000000000
10791000064.0000000000
10791999488.0000000000
10792999936.0000000000
10794000384.0000000000
10794999808.0000000000
10796000256.0000000000
10796999680.0000000000
10798000128.0000000000
10798999552.0000000000
10800000000.0000000000
10801000448.0000000000
10801999872.0000000000
10803000320.0000000000
10803999744.0000000000
10805000192.0000000000
10805999616.0000000000
10807000064.0000000000
10808000512.0000000000
10808999936.0000000000
10810000384.0000000000
10810999808.0000000000
10812000256.0000000000
10812999680.0000000000
10814000128.0000000000
10814999552.0000000000
10816000000.0000000000
10817000448.0000000000
10817999872.0000000000
10819000320.0000000000
10819999744.0000000000
10821000192.0000000000
10821999616.0000000000
10823000064.0000000000
10823999488.0000000000
10824999936.0000000000
10826000384.0000000000
10826999808.0000000000
10828000256.0000000000
10828999680.0000000000
10830000128.0000000000
10830999552.0000000000
10832000000.0000000000
10833000448.0000000000
10833999872.0000000000
10835000320.0000000000
10835999744.0000000000
10837000192.0000000000
10837999616.0000000000
10839000064.0000000000
10840000512.0000000000
10840999936.0000000000
10842000384.0000000000
10842999808.0000000000
10844000256.0000000000
10844999680.0000000000
10846000128.0000000000
10846999552.0000000000
10848000000.0000000000
10849000448.0000000000
10849999872.0000000000
10851000320.0000000000
10851999744.0000000000
10853000192.0000000000
10853999616.0000000000
10855000064.0000000000
10855999488.0000000000
10856999936.0000000000
10858000384.0000000000
10858999808.0000000000
10860000256.0000000000
10860999680.0000000000
10862000128.0000000000
10862999552.0000000000
10864000000.0000000000
10865000448.0000000000
10865999872.0000000000
10867000320.0000000000
10867999744.0000000000
10869000192.0000000000
10869999616.0000000000
10871000064.0000000000
10872000512.0000000000
10872999936.0000000000
10874000384.0000000000
10874999808.0000000000
10876000256.0000000000
10876999680.0000000000
10878000128.0000000000
10878999552.0000000000
10880000000.0000000000
10881000448.0000000000
10881999872.0000000000
10883000320.0000000000
10883999744.0000000000
10885000192.0000000000
10885999616.0000000000
10887000064.0000000000
10887999488.0000000000
10888999936.0000000000
10890000384.0000000000
10890999808.0000000000
10892000256.0000000000
10892999680.0000000000
10894000128.0000000000
10894999552.0000000000
10896000000.0000000000
10897000448.0000000000
10897999872.0000000000
10899000320.0000000000
10899999744.0000000000
10901000192.0000000000
10901999616.0000000000
10903000064.0000000000
10904000512.0000000000
10904999936.0000000000
10906000384.0000000000
10906999808.0000000000
10908000256.0000000000
10908999680.0000000000
10910000128.0000000000
10910999552.0000000000
10912000000.0000000000
10913000448.0000000000
10913999872.0000000000
10915000320.0000000000
10915999744.0000000000
10917000192.0000000000
10917999616.0000000000
10919000064.0000000000
10919999488.0000000000
10920999936.0000000000
10922000384.0000000000
10922999808.0000000000
10924000256.0000000000
10924999680.0000000000
10926000128.0000000000
10926999552.0000000000
10928000000.0000000000
10929000448.0000000000
10929999872.0000000000
10931000320.0000000000
10931999744.0000000000
10933000192.0000000000
10933999616.0000000000
10935000064.0000000000
10936000512.0000000000
10936999936.0000000000
10938000384.0000000000
10938999808.0000000000
10940000256.0000000000
10940999680.0000000000
10942000128.0000000000
10942999552.0000000000
10944000000.0000000000
10945000448.0000000000
10945999872.0000000000
10947000320.0000000000
10947999744.0000000000
10949000192.0000000000
10949999616.0000000000
10951000064.0000000000
10951999488.0000000000
10952999936.0000000000
10954000384.0000000000
10954999808.0000000000
10956000256.0000000000
10956999680.0000000000
10958000128.0000000000
10958999552.0000000000
10960000000.0000000000
10961000448.0000000000
10961999872.0000000000
10963000320.0000000000
10963999744.0000000000
10965000192.0000000000
10965999616.0000000000
10967000064.0000000000
10968000512.0000000000
10968999936.0000000000
10970000384.0000000000
10970999808.0000000000
10972000256.0000000000
10972999680.0000000000
10974000128.0000000000
10974999552.0000000000
10976000000.0000000000
10977000448.0000000000
10977999872.0000000000
10979000320.0000000000
10979999744.0000000000
10981000192.0000000000
10981999616.0000000000
10983000064.0000000000
10983999488.0000000000
10984999936.0000000000
10986000384.0000000000
10986999808.0000000000
10988000256.0000000000
10988999680.0000000000
10990000128.0000000000
10990999552.0000000000
10992000000.0000000000
10993000448.0000000000
10993999872.0000000000
10995000320.0000000000
10995999744.0000000000
10997000192.0000000000
10997999616.0000000000
10999000064.0000000000
11000000512.0000000000
11000999936.0000000000
11002000384.0000000000
11002999808.0000000000
11004000256.0000000000
11004999680.0000000000
11006000128.0000000000
11006999552.0000000000
11008000000.0000000000
11009000448.0000000000
11009999872.0000000000
11011000320.0000000000
11011999744.0000000000
11013000192.0000000000
11013999616.0000000000
11015000064.0000000000
11015999488.0000000000
11016999936.0000000000
11018000384.0000000000
11018999808.0000000000
11020000256.0000000000
11020999680.0000000000
11022000128.0000000000
11022999552.0000000000
11024000000.0000000000
11025000448.0000000000
11025999872.0000000000
11027000320.0000000000
11027999744.0000000000
11029000192.0000000000
11029999616.0000000000
11031000064.0000000000
11032000512.0000000000
11032999936.0000000000
11034000384.0000000000
11034999808.0000000000
11036000256.0000000000
11036999680.0000000000
11038000128.0000000000
11038999552.0000000000
11040000000.0000000000
11041000448.0000000000
11041999872.0000000000
11043000320.0000000000
11043999744.0000000000
11045000192.0000000000
11045999616.0000000000
11047000064.0000000000
11047999488.0000000000
11048999936.0000000000
11050000384.0000000000
11050999808.0000000000
11052000256.0000000000
11052999680.0000000000
11054000128.0000000000
11054999552.0000000000
11056000000.0000000000
11057000448.0000000000
11057999872.0000000000
11059000320.0000000000
11059999744.0000000000
11061000192.0000000000
11061999616.0000000000
11063000064.0000000000
11064000512.0000000000
11064999936.0000000000
11066000384.0000000000
11066999808.0000000000
11068000256.0000000000
11068999680.0000000000
11070000128.0000000000
11070999552.0000000000
11072000000.0000000000
11073000448.0000000000
11073999872.0000000000
11075000320.0000000000
11075999744.0000000000
11077000192.0000000000
11077999616.0000000000
11079000064.0000000000
11079999488.0000000000
11080999936.0000000000
11082000384.0000000000
11082999808.0000000000
11084000256.0000000000
11084999680.0000000000
11086000128.0000000000
11086999552.0000000000
11088000000.0000000000
11089000448.0000000000
11089999872.0000000000
11091000320.0000000000
11091999744.0000000000
11093000192.0000000000
11093999616.0000000000
11095000064.0000000000
11096000512.0000000000
11096999936.0000000000
11098000384.0000000000
11098999808.0000000000
11100000256.0000000000
11100999680.0000000000
11102000128.0000000000
11102999552.0000000000
11104000000.0000000000
11105000448.0000000000
11105999872.0000000000
11107000320.0000000000
11107999744.0000000000
11109000192.0000000000
11109999616.0000000000
11111000064.0000000000
11111999488.0000000000
11112999936.0000000000
11114000384.0000000000
11114999808.0000000000
11116000256.0000000000
11116999680.0000000000
11118000128.0000000000
11118999552.0000000000
11120000000.0000000000
11121000448.0000000000
11121999872.0000000000
11123000320.0000000000
11123999744.0000000000
11125000192.0000000000
11125999616.0000000000
11127000064.0000000000
11128000512.0000000000
11128999936.0000000000
11130000384.0000000000
11130999808.0000000000
11132000256.0000000000
11132999680.0000000000
11134000128.0000000000
11134999552.0000000000
11136000000.0000000000
11137000448.0000000000
11137999872.0000000000
11139000320.0000000000
11139999744.0000000000
11141000192.0000000000
11141999616.0000000000
11143000064.0000000000
11143999488.0000000000
11144999936.0000000000
11146000384.0000000000
11146999808.0000000000
11148000256.0000000000
11148999680.0000000000
11150000128.0000000000
11150999552.0000000000
11152000000.0000000000
11153000448.0000000000
11153999872.0000000000
11155000320.0000000000
11155999744.0000000000
11157000192.0000000000
11157999616.0000000000
11159000064.0000000000
11160000512.0000000000
11160999936.0000000000
11162000384.0000000000
11162999808.0000000000
11164000256.0000000000
11164999680.0000000000
11166000128.0000000000
11166999552.0000000000
11168000000.0000000000
11169000448.0000000000
11169999872.0000000000
11171000320.0000000000
11171999744.0000000000
11173000192.0000000000
11173999616.0000000000
11175000064.0000000000
11175999488.0000000000
11176999936.0000000000
11178000384.0000000000
11178999808.0000000000
11180000256.0000000000
11180999680.0000000000
11182000128.0000000000
11182999552.0000000000
11184000000.0000000000
11185000448.0000000000
11185999872.0000000000
11187000320.0000000000
11187999744.0000000000
11189000192.0000000000
11189999616.0000000000
11191000064.0000000000
11192000512.0000000000
11192999936.0000000000
11194000384.0000000000
11194999808.0000000000
11196000256.0000000000
11196999680.0000000000
11198000128.0000000000
11198999552.0000000000
11200000000.0000000000
11201000448.0000000000
11201999872.0000000000
11203000320.0000000000
11203999744.0000000000
11205000192.0000000000
11205999616.0000000000
11207000064.0000000000
11207999488.0000000000
11208999936.0000000000
11210000384.0000000000
11210999808.0000000000
11212000256.0000000000
11212999680.0000000000
11214000128.0000000000
11214999552.0000000000
11216000000.0000000000
11217000448.0000000000
11217999872.0000000000
11219000320.0000000000
11219999744.0000000000
11221000192.0000000000
11221999616.0000000000
11223000064.0000000000
11224000512.0000000000
11224999936.0000000000
11226000384.0000000000
11226999808.0000000000
11228000256.0000000000
11228999680.0000000000
11230000128.0000000000
11230999552.0000000000
11232000000.0000000000
11233000448.0000000000
11233999872.0000000000
11235000320.0000000000
11235999744.0000000000
11237000192.0000000000
11237999616.0000000000
11239000064.0000000000
11239999488.0000000000
11240999936.0000000000
11242000384.0000000000
11242999808.0000000000
11244000256.0000000000
11244999680.0000000000
11246000128.0000000000
11246999552.0000000000
11248000000.0000000000
11249000448.0000000000
11249999872.0000000000
11251000320.0000000000
11251999744.0000000000
11253000192.0000000000
11253999616.0000000000
11255000064.0000000000
11256000512.0000000000
11256999936.0000000000
11258000384.0000000000
11258999808.0000000000
11260000256.0000000000
11260999680.0000000000
11262000128.0000000000
11262999552.0000000000
11264000000.0000000000
11265000448.0000000000
11265999872.0000000000
11267000320.0000000000
11267999744.0000000000
11269000192.0000000000
11269999616.0000000000
11271000064.0000000000
11271999488.0000000000
11272999936.0000000000
11274000384.0000000000
11274999808.0000000000
11276000256.0000000000
11276999680.0000000000
11278000128.0000000000
11278999552.0000000000
11280000000.0000000000
11281000448.0000000000
11281999872.0000000000
11283000320.0000000000
11283999744.0000000000
11285000192.0000000000
11285999616.0000000000
11287000064.0000000000
11288000512.0000000000
11288999936.0000000000
11290000384.0000000000
11290999808.0000000000
11292000256.0000000000
11292999680.0000000000
11294000128.0000000000
11294999552.0000000000
11296000000.0000000000
11297000448.0000000000
11297999872.0000000000
11299000320.0000000000
11299999744.0000000000
11301000192.0000000000
11301999616.0000000000
11303000064.0000000000
11303999488.0000000000
11304999936.0000000000
11306000384.0000000000
11306999808.0000000000
11308000256.0000000000
11308999680.0000000000
11310000128.0000000000
11310999552.0000000000
11312000000.0000000000
11313000448.0000000000
11313999872.0000000000
11315000320.0000000000
11315999744.0000000000
11317000192.0000000000
11317999616.0000000000
11319000064.0000000000
11320000512.0000000000
11320999936.0000000000
11322000384.0000000000
11322999808.0000000000
11324000256.0000000000
11324999680.0000000000
11326000128.0000000000
11326999552.0000000000
11328000000.0000000000
11329000448.0000000000
11329999872.0000000000
11331000320.0000000000
11331999744.0000000000
11333000192.0000000000
11333999616.0000000000
11335000064.0000000000
11335999488.0000000000
11336999936.0000000000
11338000384.0000000000
11338999808.0000000000
11340000256.0000000000
11340999680.0000000000
11342000128.0000000000
11342999552.0000000000
11344000000.0000000000
11345000448.0000000000
11345999872.0000000000
11347000320.0000000000
11347999744.0000000000
11349000192.0000000000
11349999616.0000000000
11351000064.0000000000
11352000512.0000000000
11352999936.0000000000
11354000384.0000000000
11354999808.0000000000
11356000256.0000000000
11356999680.0000000000
11358000128.0000000000
11358999552.0000000000
11360000000.0000000000
11361000448.0000000000
11361999872.0000000000
11363000320.0000000000
11363999744.0000000000
11365000192.0000000000
11365999616.0000000000
11367000064.0000000000
11367999488.0000000000
11368999936.0000000000
11370000384.0000000000
11370999808.0000000000
11372000256.0000000000
11372999680.0000000000
11374000128.0000000000
11374999552.0000000000
11376000000.0000000000
11377000448.0000000000
11377999872.0000000000
11379000320.0000000000
11379999744.0000000000
11381000192.0000000000
11381999616.0000000000
11383000064.0000000000
11384000512.0000000000
11384999936.0000000000
11386000384.0000000000
11386999808.0000000000
11388000256.0000000000
11388999680.0000000000
11390000128.0000000000
11390999552.0000000000
11392000000.0000000000
11393000448.0000000000
11393999872.0000000000
11395000320.0000000000
11395999744.0000000000
11397000192.0000000000
11397999616.0000000000
11399000064.0000000000
11399999488.0000000000
11400999936.0000000000
11402000384.0000000000
11402999808.0000000000
11404000256.0000000000
11404999680.0000000000
11406000128.0000000000
11406999552.0000000000
11408000000.0000000000
11409000448.0000000000
11409999872.0000000000
11411000320.0000000000
11411999744.0000000000
11413000192.0000000000
11413999616.0000000000
11415000064.0000000000
11416000512.0000000000
11416999936.0000000000
11418000384.0000000000
11418999808.0000000000
11420000256.0000000000
11420999680.0000000000
11422000128.0000000000
11422999552.0000000000
11424000000.0000000000
11425000448.0000000000
11425999872.0000000000
11427000320.0000000000
11427999744.0000000000
11429000192.0000000000
11429999616.0000000000
11431000064.0000000000
11431999488.0000000000
11432999936.0000000000
11434000384.0000000000
11434999808.0000000000
11436000256.0000000000
11436999680.0000000000
11438000128.0000000000
11438999552.0000000000
11440000000.0000000000
11441000448.0000000000
11441999872.0000000000
11443000320.0000000000
11443999744.0000000000
11445000192.0000000000
11445999616.0000000000
11447000064.0000000000
11448000512.0000000000
11448999936.0000000000
11450000384.0000000000
11450999808.0000000000
11452000256.0000000000
11452999680.0000000000
11454000128.0000000000
11454999552.0000000000
11456000000.0000000000
11457000448.0000000000
11457999872.0000000000
11459000320.0000000000
11459999744.0000000000
11461000192.0000000000
11461999616.0000000000
11463000064.0000000000
11463999488.0000000000
11464999936.0000000000
11466000384.0000000000
11466999808.0000000000
11468000256.0000000000
11468999680.0000000000
11470000128.0000000000
11470999552.0000000000
11472000000.0000000000
11473000448.0000000000
11473999872.0000000000
11475000320.0000000000
11475999744.0000000000
11477000192.0000000000
11477999616.0000000000
11479000064.0000000000
11480000512.0000000000
11480999936.0000000000
11482000384.0000000000
11482999808.0000000000
11484000256.0000000000
11484999680.0000000000
11486000128.0000000000
11486999552.0000000000
11488000000.0000000000
11489000448.0000000000
11489999872.0000000000
11491000320.0000000000
11491999744.0000000000
11493000192.0000000000
11493999616.0000000000
11495000064.0000000000
11495999488.0000000000
11496999936.0000000000
11498000384.0000000000
11498999808.0000000000
11500000256.0000000000
11500999680.0000000000
11502000128.0000000000
11502999552.0000000000
11504000000.0000000000
11505000448.0000000000
11505999872.0000000000
11507000320.0000000000
11507999744.0000000000
11509000192.0000000000
11509999616.0000000000
11511000064.0000000000
11512000512.0000000000
11512999936.0000000000
11514000384.0000000000
11514999808.0000000000
11516000256.0000000000
11516999680.0000000000
11518000128.0000000000
11518999552.0000000000
11520000000.0000000000
11521000448.0000000000
11521999872.0000000000
11523000320.0000000000
11523999744.0000000000
11525000192.0000000000
11525999616.0000000000
11527000064.0000000000
11527999488.0000000000
11528999936.0000000000
11530000384.0000000000
11530999808.0000000000
11532000256.0000000000
11532999680.0000000000
11534000128.0000000000
11534999552.0000000000
11536000000.0000000000
11537000448.0000000000
11537999872.0000000000
11539000320.0000000000
11539999744.0000000000
11541000192.0000000000
11541999616.0000000000
11543000064.0000000000
11544000512.0000000000
11544999936.0000000000
11546000384.0000000000
11546999808.0000000000
11548000256.0000000000
11548999680.0000000000
11550000128.0000000000
11550999552.0000000000
11552000000.0000000000
11553000448.0000000000
11553999872.0000000000
11555000320.0000000000
11555999744.0000000000
11557000192.0000000000
11557999616.0000000000
11559000064.0000000000
11559999488.0000000000
11560999936.0000000000
11562000384.0000000000
11562999808.0000000000
11564000256.0000000000
11564999680.0000000000
11566000128.0000000000
11566999552.0000000000
11568000000.0000000000
11569000448.0000000000
11569999872.0000000000
11571000320.0000000000
11571999744.0000000000
11573000192.0000000000
11573999616.0000000000
11575000064.0000000000
11576000512.0000000000
11576999936.0000000000
11578000384.0000000000
11578999808.0000000000
11580000256.0000000000
11580999680.0000000000
11582000128.0000000000
11582999552.0000000000
11584000000.0000000000
11585000448.0000000000
11585999872.0000000000
11587000320.0000000000
11587999744.0000000000
11589000192.0000000000
11589999616.0000000000
11591000064.0000000000
11591999488.0000000000
11592999936.0000000000
11594000384.0000000000
11594999808.0000000000
11596000256.0000000000
11596999680.0000000000
11598000128.0000000000
11598999552.0000000000
11600000000.0000000000
11601000448.0000000000
11601999872.0000000000
11603000320.0000000000
11603999744.0000000000
11605000192.0000000000
11605999616.0000000000
11607000064.0000000000
11608000512.0000000000
11608999936.0000000000
11610000384.0000000000
11610999808.0000000000
11612000256.0000000000
11612999680.0000000000
11614000128.0000000000
11614999552.0000000000
11616000000.0000000000
11617000448.0000000000
11617999872.0000000000
11619000320.0000000000
11619999744.0000000000
11621000192.0000000000
11621999616.0000000000
11623000064.0000000000
11623999488.0000000000
11624999936.0000000000
11626000384.0000000000
11626999808.0000000000
11628000256.0000000000
11628999680.0000000000
11630000128.0000000000
11630999552.0000000000
11632000000.0000000000
11633000448.0000000000
11633999872.0000000000
11635000320.0000000000
11635999744.0000000000
11637000192.0000000000
11637999616.0000000000
11639000064.0000000000
11640000512.0000000000
11640999936.0000000000
11642000384.0000000000
11642999808.0000000000
11644000256.0000000000
11644999680.0000000000
11646000128.0000000000
11646999552.0000000000
11648000000.0000000000
11649000448.0000000000
11649999872.0000000000
11651000320.0000000000
11651999744.0000000000
11653000192.0000000000
11653999616.0000000000
11655000064.0000000000
11655999488.0000000000
11656999936.0000000000
11658000384.0000000000
11658999808.0000000000
11660000256.0000000000
11660999680.0000000000
11662000128.0000000000
11662999552.0000000000
11664000000.0000000000
11665000448.0000000000
11665999872.0000000000
11667000320.0000000000
11667999744.0000000000
11669000192.0000000000
11669999616.0000000000
11671000064.0000000000
11672000512.0000000000
11672999936.0000000000
11674000384.0000000000
11674999808.0000000000
11676000256.0000000000
11676999680.0000000000
11678000128.0000000000
11678999552.0000000000
11680000000.0000000000
11681000448.0000000000
11681999872.0000000000
11683000320.0000000000
11683999744.0000000000
11685000192.0000000000
11685999616.0000000000
11687000064.0000000000
11687999488.0000000000
11688999936.0000000000
11690000384.0000000000
11690999808.0000000000
11692000256.0000000000
11692999680.0000000000
11694000128.0000000000
11694999552.0000000000
11696000000.0000000000
11697000448.0000000000
11697999872.0000000000
11699000320.0000000000
11699999744.0000000000
11701000192.0000000000
11701999616.0000000000
11703000064.0000000000
11704000512.0000000000
11704999936.0000000000
11706000384.0000000000
11706999808.0000000000
11708000256.0000000000
11708999680.0000000000
11710000128.0000000000
11710999552.0000000000
11712000000.0000000000
11713000448.0000000000
11713999872.0000000000
11715000320.0000000000
11715999744.0000000000
11717000192.0000000000
11717999616.0000000000
11719000064.0000000000
11719999488.0000000000
11720999936.0000000000
11722000384.0000000000
11722999808.0000000000
11724000256.0000000000
11724999680.0000000000
11726000128.0000000000
11726999552.0000000000
11728000000.0000000000
11729000448.0000000000
11729999872.0000000000
11731000320.0000000000
11731999744.0000000000
11733000192.0000000000
11733999616.0000000000
11735000064.0000000000
11736000512.0000000000
11736999936.0000000000
11738000384.0000000000
11738999808.0000000000
11740000256.0000000000
11740999680.0000000000
11742000128.0000000000
11742999552.0000000000
11744000000.0000000000
11745000448.0000000000
11745999872.0000000000
11747000320.0000000000
11747999744.0000000000
11749000192.0000000000
11749999616.0000000000
11751000064.0000000000
11751999488.0000000000
11752999936.0000000000
11754000384.0000000000
11754999808.0000000000
11756000256.0000000000
11756999680.0000000000
11758000128.0000000000
11758999552.0000000000
11760000000.0000000000
11761000448.0000000000
11761999872.0000000000
11763000320.0000000000
11763999744.0000000000
11765000192.0000000000
11765999616.0000000000
11767000064.0000000000
11768000512.0000000000
11768999936.0000000000
11770000384.0000000000
11770999808.0000000000
11772000256.0000000000
11772999680.0000000000
11774000128.0000000000
11774999552.0000000000
11776000000.0000000000
11777000448.0000000000
11777999872.0000000000
11779000320.0000000000
11779999744.0000000000
11781000192.0000000000
11781999616.0000000000
11783000064.0000000000
11783999488.0000000000
11784999936.0000000000
11786000384.0000000000
11786999808.0000000000
11788000256.0000000000
11788999680.0000000000
11790000128.0000000000
11790999552.0000000000
11792000000.0000000000
11793000448.0000000000
11793999872.0000000000
11795000320.0000000000
11795999744.0000000000
11797000192.0000000000
11797999616.0000000000
11799000064.0000000000
11800000512.0000000000
11800999936.0000000000
11802000384.0000000000
11802999808.0000000000
11804000256.0000000000
11804999680.0000000000
11806000128.0000000000
11806999552.0000000000
11808000000.0000000000
11809000448.0000000000
11809999872.0000000000
11811000320.0000000000
11811999744.0000000000
11813000192.0000000000
11813999616.0000000000
11815000064.0000000000
11815999488.0000000000
11816999936.0000000000
11818000384.0000000000
11818999808.0000000000
11820000256.0000000000
11820999680.0000000000
11822000128.0000000000
11822999552.0000000000
11824000000.0000000000
11825000448.0000000000
11825999872.0000000000
11827000320.0000000000
11827999744.0000000000
11829000192.0000000000
11829999616.0000000000
11831000064.0000000000
11832000512.0000000000
11832999936.0000000000
11834000384.0000000000
11834999808.0000000000
11836000256.0000000000
11836999680.0000000000
11838000128.0000000000
11838999552.0000000000
11840000000.0000000000
11841000448.0000000000
11841999872.0000000000
11843000320.0000000000
11843999744.0000000000
11845000192.0000000000
11845999616.0000000000
11847000064.0000000000
11847999488.0000000000
11848999936.0000000000
11850000384.0000000000
11850999808.0000000000
11852000256.0000000000
11852999680.0000000000
11854000128.0000000000
11854999552.0000000000
11856000000.0000000000
11857000448.0000000000
11857999872.0000000000
11859000320.0000000000
11859999744.0000000000
11861000192.0000000000
11861999616.0000000000
11863000064.0000000000
11864000512.0000000000
11864999936.0000000000
11866000384.0000000000
11866999808.0000000000
11868000256.0000000000
11868999680.0000000000
11870000128.0000000000
11870999552.0000000000
11872000000.0000000000
11873000448.0000000000
11873999872.0000000000
11875000320.0000000000
11875999744.0000000000
11877000192.0000000000
11877999616.0000000000
11879000064.0000000000
11879999488.0000000000
11880999936.0000000000
11882000384.0000000000
11882999808.0000000000
11884000256.0000000000
11884999680.0000000000
11886000128.0000000000
11886999552.0000000000
11888000000.0000000000
11889000448.0000000000
11889999872.0000000000
11891000320.0000000000
11891999744.0000000000
11893000192.0000000000
11893999616.0000000000
11895000064.0000000000
11896000512.0000000000
11896999936.0000000000
11898000384.0000000000
11898999808.0000000000
11900000256.0000000000
11900999680.0000000000
11902000128.0000000000
11902999552.0000000000
11904000000.0000000000
11905000448.0000000000
11905999872.0000000000
11907000320.0000000000
11907999744.0000000000
11909000192.0000000000
11909999616.0000000000
11911000064.0000000000
11911999488.0000000000
11912999936.0000000000
11914000384.0000000000
11914999808.0000000000
11916000256.0000000000
11916999680.0000000000
11918000128.0000000000
11918999552.0000000000
11920000000.0000000000
11921000448.0000000000
11921999872.0000000000
11923000320.0000000000
11923999744.0000000000
11925000192.0000000000
11925999616.0000000000
11927000064.0000000000
11928000512.0000000000
11928999936.0000000000
11930000384.0000000000
11930999808.0000000000
11932000256.0000000000
11932999680.0000000000
11934000128.0000000000
11934999552.0000000000
11936000000.0000000000
11937000448.0000000000
11937999872.0000000000
11939000320.0000000000
11939999744.0000000000
11941000192.0000000000
11941999616.0000000000
11943000064.0000000000
11943999488.0000000000
11944999936.0000000000
11946000384.0000000000
11946999808.0000000000
11948000256.0000000000
11948999680.0000000000
11950000128.0000000000
11950999552.0000000000
11952000000.0000000000
11953000448.0000000000
11953999872.0000000000
11955000320.0000000000
11955999744.0000000000
11957000192.0000000000
11957999616.0000000000
11959000064.0000000000
11960000512.0000000000
11960999936.0000000000
11962000384.0000000000
11962999808.0000000000
11964000256.0000000000
11964999680.0000000000
11966000128.0000000000
11966999552.0000000000
11968000000.0000000000
11969000448.0000000000
11969999872.0000000000
11971000320.0000000000
11971999744.0000000000
11973000192.0000000000
11973999616.0000000000
11975000064.0000000000
11975999488.0000000000
11976999936.0000000000
11978000384.0000000000
11978999808.0000000000
11980000256.0000000000
11980999680.0000000000
11982000128.0000000000
11982999552.0000000000
11984000000.0000000000
11985000448.0000000000
11985999872.0000000000
11987000320.0000000000
11987999744.0000000000
11989000192.0000000000
11989999616.0000000000
11991000064.0000000000
11992000512.0000000000
11992999936.0000000000
11994000384.0000000000
11994999808.0000000000
11996000256.0000000000
11996999680.0000000000
11998000128.0000000000
11998999552.0000000000
