 -2.5000000000
 -2.4949998856
 -2.4900000095
 -2.4849998951
 -2.4800000191
 -2.4749999046
 -2.4700000286
 -2.4649999142
 -2.4600000381
 -2.4549999237
 -2.4500000477
 -2.4449999332
 -2.4400000572
 -2.4349999428
 -2.4300000668
 -2.4249999523
 -2.4200000763
 -2.4149999619
 -2.4100000858
 -2.4049999714
 -2.4000000954
 -2.3949999809
 -2.3900001049
 -2.3849999905
 -2.3800001144
 -2.3750000000
 -2.3699998856
 -2.3650000095
 -2.3599998951
 -2.3550000191
 -2.3499999046
 -2.3450000286
 -2.3399999142
 -2.3350000381
 -2.3299999237
 -2.3250000477
 -2.3199999332
 -2.3150000572
 -2.3099999428
 -2.3050000668
 -2.2999999523
 -2.2950000763
 -2.2899999619
 -2.2850000858
 -2.2799999714
 -2.2750000954
 -2.2699999809
 -2.2650001049
 -2.2599999905
 -2.2550001144
 -2.2500000000
 -2.2449998856
 -2.2400000095
 -2.2349998951
 -2.2300000191
 -2.2249999046
 -2.2200000286
 -2.2149999142
 -2.2100000381
 -2.2049999237
 -2.2000000477
 -2.1949999332
 -2.1900000572
 -2.1849999428
 -2.1800000668
 -2.1749999523
 -2.1700000763
 -2.1649999619
 -2.1600000858
 -2.1549999714
 -2.1500000954
 -2.1449999809
 -2.1400001049
 -2.1349999905
 -2.1300001144
 -2.1250000000
 -2.1199998856
 -2.1150000095
 -2.1099998951
 -2.1050000191
 -2.0999999046
 -2.0950000286
 -2.0899999142
 -2.0850000381
 -2.0799999237
 -2.0750000477
 -2.0699999332
 -2.0650000572
 -2.0599999428
 -2.0550000668
 -2.0499999523
 -2.0450000763
 -2.0399999619
 -2.0350000858
 -2.0299999714
 -2.0250000954
 -2.0199999809
 -2.0150001049
 -2.0099999905
 -2.0050001144
 -2.0000000000
 -1.9950000048
 -1.9900000095
 -1.9850000143
 -1.9800000191
 -1.9750000238
 -1.9700000286
 -1.9650000334
 -1.9600000381
 -1.9550000429
 -1.9500000477
 -1.9450000525
 -1.9400000572
 -1.9349999428
 -1.9299999475
 -1.9249999523
 -1.9199999571
 -1.9149999619
 -1.9099999666
 -1.9049999714
 -1.8999999762
 -1.8949999809
 -1.8899999857
 -1.8849999905
 -1.8799999952
 -1.8750000000
 -1.8700000048
 -1.8650000095
 -1.8600000143
 -1.8550000191
 -1.8500000238
 -1.8450000286
 -1.8400000334
 -1.8350000381
 -1.8300000429
 -1.8250000477
 -1.8200000525
 -1.8150000572
 -1.8099999428
 -1.8049999475
 -1.7999999523
 -1.7949999571
 -1.7899999619
 -1.7849999666
 -1.7799999714
 -1.7749999762
 -1.7699999809
 -1.7649999857
 -1.7599999905
 -1.7549999952
 -1.7500000000
 -1.7450000048
 -1.7400000095
 -1.7350000143
 -1.7300000191
 -1.7250000238
 -1.7200000286
 -1.7150000334
 -1.7100000381
 -1.7050000429
 -1.7000000477
 -1.6950000525
 -1.6900000572
 -1.6849999428
 -1.6799999475
 -1.6749999523
 -1.6699999571
 -1.6649999619
 -1.6599999666
 -1.6549999714
 -1.6499999762
 -1.6449999809
 -1.6399999857
 -1.6349999905
 -1.6299999952
 -1.6250000000
 -1.6200000048
 -1.6150000095
 -1.6100000143
 -1.6050000191
 -1.6000000238
 -1.5950000286
 -1.5900000334
 -1.5850000381
 -1.5800000429
 -1.5750000477
 -1.5700000525
 -1.5650000572
 -1.5599999428
 -1.5549999475
 -1.5499999523
 -1.5449999571
 -1.5399999619
 -1.5349999666
 -1.5299999714
 -1.5249999762
 -1.5199999809
 -1.5149999857
 -1.5099999905
 -1.5049999952
 -1.5000000000
