0.00918199048244
0.0163098171363
0.0274837562208
0.0440608684597
0.0673921909584
0.0986207146713
0.138465544513
0.187038277473
0.243734951663
0.307230963423
0.375582118316
0.446410389079
0.517135524611
0.585207745824
0.648302475119
0.704451963199
0.75210574602
0.790127363724
0.817745609008
0.834483634485
0.840089013113
0.834483634485
0.817745609008
0.790127363724
0.75210574602
0.704451963199
0.648302475119
0.585207745824
0.517135524611
0.446410389079
0.375582118316
0.307230963423
0.243734951663
0.187038277474
0.13846554452
0.0986207147057
0.0673921911106
0.0440608690818
0.0274837585823
0.0163098254494
