-0.0266813983234
-0.0460598487627
-0.0752266653139
-0.116528132609
-0.171607191329
-0.240811556065
-0.322694499634
-0.413753367793
-0.508507491357
-0.599937968048
-0.680222783005
-0.741631339897
-0.777413375532
-0.782533225921
-0.754150783255
-0.691815428578
-0.597398375753
-0.474828001386
-0.329706656212
-0.16887909122
3.08515185414e-14
0.16887909122
0.329706656212
0.474828001386
0.597398375753
0.691815428578
0.754150783255
0.782533225921
0.777413375532
0.741631339897
0.680222783005
0.599937968048
0.508507491357
0.413753367794
0.322694499641
0.240811556124
0.171607191739
0.116528135119
0.0752266791263
0.046059918269
