0.0617699963088
0.102440220383
0.160052974899
0.23599938611
0.328885746175
0.433648264964
0.541296201038
0.639528311191
0.714245606001
0.751725289247
0.741018224641
0.676055907671
0.557023338648
0.390738064931
0.190005328252
-0.0278767964807
-0.243159495558
-0.4358912816
-0.588067467103
-0.685455801456
-0.718960340036
-0.685455801456
-0.588067467103
-0.4358912816
-0.243159495558
-0.0278767964809
0.190005328252
0.390738064931
0.557023338648
0.67605590767
0.741018224641
0.751725289247
0.714245606003
0.639528311204
0.541296201108
0.433648265306
0.328885747698
0.235999392378
0.160052998734
0.102440303963
