0.183231399857
0.212326975232
0.243163398811
0.275364016484
0.308504813704
0.342132079893
0.375780831391
0.40899233191
0.441329235816
0.472387263519
0.501802837734
0.529256677377
0.554473866807
0.577221306049
0.59730364395
0.61455878143
0.628853829391
0.640082076093
0.64816114576
0.653032201348
0.6546598313
0.653032201348
0.64816114576
0.640082076093
0.628853829391
0.61455878143
0.59730364395
0.577221306049
0.554473866807
0.529256677377
0.501802837734
0.472387263519
0.441329235816
0.40899233191
0.375780831391
0.342132079893
0.308504813704
0.275364016484
0.243163398811
0.212326975232
