6.94959195915e-05
0.000276994802636
0.000862650667586
0.00237659379878
0.00588348739332
0.013184356221
0.0269185942668
0.0503941896886
0.0870542294945
0.139640012216
0.209286314843
0.294875088399
0.392909599531
0.497974162952
0.603618799327
0.703368453533
0.791557835328
0.863809233199
0.917127648214
0.949714893512
0.960666728889
0.949714893512
0.917127648214
0.863809233199
0.791557835328
0.703368453533
0.603618799327
0.497974162952
0.392909599531
0.294875088399
0.209286314845
0.13964001223
0.0870542295878
0.0503941902259
0.0269185970947
0.0131843698966
0.0058835484723
0.00237684674995
0.000863624168555
0.000280474679288
