-0.287520332179
-0.33195528761
-0.378392895805
-0.425716932992
-0.472553055331
-0.517294066033
-0.558144915813
-0.593187573779
-0.620464229174
-0.638075476202
-0.644288365113
-0.637647665357
-0.617082574057
-0.582000585568
-0.532360437502
-0.468717019889
-0.392232848974
-0.304653051627
-0.208243586898
-0.105695392841
0.0
0.105695392841
0.208243586898
0.304653051627
0.392232848974
0.468717019889
0.532360437502
0.582000585568
0.617082574057
0.637647665357
0.644288365113
0.638075476202
0.620464229174
0.593187573779
0.558144915813
0.517294066033
0.472553055331
0.425716932992
0.378392895805
0.33195528761
