-0.586898420429
-0.571895154017
-0.53758431987
-0.483159024121
-0.408988231224
-0.316776627188
-0.209632771095
-0.0920237689094
0.0303964153025
0.151086068961
0.263029623623
0.359239625634
0.433307398206
0.479953503096
0.495524343827
0.478382305203
0.429144085354
0.350734926782
0.248244057986
0.128586891043
1.25500297588e-17
-0.128586891043
-0.248244057986
-0.350734926782
-0.429144085354
-0.478382305203
-0.495524343827
-0.479953503096
-0.433307398206
-0.359239625634
-0.263029623623
-0.151086068961
-0.0303964153025
0.0920237689094
0.209632771095
0.316776627188
0.408988231224
0.483159024121
0.53758431987
0.571895154017
