0.503160581313
0.543358391824
0.575998074725
0.598507923441
0.608412058739
0.603509743705
0.582065412205
0.542994779074
0.486030312853
0.411848716457
0.322144182557
0.219634195845
0.10798945046
-0.00831429407954
-0.124217435417
-0.234358509945
-0.333397921628
-0.416359170557
-0.478960249866
-0.517907424923
-0.531125966014
-0.517907424923
-0.478960249866
-0.416359170557
-0.333397921628
-0.234358509945
-0.124217435417
-0.00831429407954
0.10798945046
0.219634195845
0.322144182557
0.411848716457
0.486030312853
0.542994779074
0.582065412205
0.603509743705
0.608412058739
0.598507923441
0.575998074725
0.543358391824
