0.101653788306
0.123540965747
0.148646768098
0.177074900108
0.208840918684
0.243854761306
0.281905753468
0.322651504565
0.365612053277
0.410170451028
0.455580672011
0.500983320202
0.545429090835
0.587909372442
0.627392792322
0.662865966442
0.693376268284
0.718074129049
0.736252262171
0.747379290183
0.751125544465
0.747379290183
0.736252262171
0.718074129049
0.693376268284
0.662865966442
0.627392792322
0.587909372442
0.545429090835
0.500983320202
0.455580672011
0.410170451028
0.365612053277
0.322651504565
0.281905753468
0.243854761306
0.208840918684
0.177074900108
0.148646768098
0.123540965747
