0 219
0 220
0 221
0 222
0 223
0 224
0 225
0 226
0 227
0 228
0 229
0 230
0 231
0 232
0 233
0 234
0 235
0 236
0 237
0 238
0 239
0 240
0 241
0 242
0 243
0 244
0 245
0 246
0 247
0 248
0 249
0 250
0 251
0 252
0 253
0 254
0 255
0 256
0 257
0 258
0 259
0 260
0 261
0 262
0 263
0 264
0 282
0 283
0 284
0 285
0 286
0 287
0 288
0 289
0 290
0 291
0 292
0 293
0 294
0 295

1 225
1 226
1 227
1 228
1 229
1 230
1 231
1 232
1 233
1 234
1 235
1 236
1 237
1 238
1 239
1 240
1 241
1 242
1 243
1 244
1 245
1 246
1 247
1 248
1 249
1 250
1 251
1 252
1 253
1 254
1 255
1 256
1 257
1 258
1 259
1 260
1 261
1 262
1 263
1 264
1 265
1 266
1 306
1 307
1 308
1 309
1 310
1 311
1 312
1 313
1 314
1 315
1 316
1 317

2 228
2 229
2 230
2 231
2 232
2 233
2 234
2 235
2 236
2 237
2 238
2 239
2 240
2 241
2 242
2 243
2 244
2 245
2 246
2 247
2 248
2 249
2 250
2 251
2 252
2 253
2 254
2 255
2 256
2 257
2 258
2 259
2 260
2 261
2 262
2 263
2 264
2 265
2 266
2 267
2 268
2 269
2 270
2 271

3 229
3 230
3 231
3 232
3 233
3 234
3 235
3 236
3 237
3 238
3 239
3 240
3 241
3 242
3 243
3 244
3 245
3 246
3 247
3 248
3 249
3 250
3 251
3 252
3 253
3 254
3 255
3 256
3 257
3 258
3 259
3 260
3 261
3 262
3 263
3 264
3 265
3 266
3 267
3 268
3 269
3 270
3 271
3 272
3 273
3 274
3 275
3 276

4 239
4 240
4 241
4 242
4 243
4 244
4 245
4 246
4 247
4 248
4 249
4 250
4 251
4 252
4 253
4 254
4 255
4 256
4 257
4 258
4 259
4 260
4 261
4 262
4 263
4 264
4 265
4 266
4 267
4 268
4 269
4 270
4 271
4 272
4 273
4 274
4 275
4 276
4 277

5 240
5 241
5 242
5 243
5 244
5 245
5 246
5 247
5 248
5 249
5 250
5 251
5 252
5 253
5 254
5 255
5 256
5 257
5 258
5 259
5 260
5 261
5 262
5 263
5 264
5 265
5 266
5 267
5 268
5 269
5 270
5 271
5 272
5 273
5 274
5 275
5 276
5 277
5 278
5 279
5 280
5 281
5 282
5 283
5 284
5 285
5 286

6 240
6 241
6 242
6 243
6 244
6 245
6 246
6 247
6 248
6 249
6 250
6 251
6 252
6 253
6 254
6 255
6 256
6 257
6 258
6 259
6 260
6 261
6 262
6 263
6 264
6 265
6 266
6 267
6 268
6 269
6 270
6 271
6 272
6 273
6 274
6 275
6 276
6 277
6 278
6 279
6 280
6 281
6 284

7 244
7 245
7 246
7 247
7 248
7 249
7 250
7 251
7 252
7 253
7 254
7 255
7 256
7 257
7 258
7 259
7 260
7 261
7 262
7 263
7 264
7 265
7 266
7 267
7 268
7 269
7 270
7 271
7 272
7 273
7 274
7 275
7 276
7 277
7 278
7 279
7 280
7 281
7 282
7 283
7 284
7 285
7 286
7 287
7 288
7 289

8 247
8 248
8 249
8 250
8 251
8 252
8 253
8 254
8 255
8 256
8 257
8 258
8 259
8 260
8 261
8 262
8 263
8 264
8 265
8 266
8 267
8 268
8 269
8 270
8 271
8 272
8 273
8 274
8 275
8 276
8 277
8 278
8 279
8 280
8 281
8 282
8 283
8 284
8 285
8 286
8 287
8 288
8 289
8 290
8 291

9 250
9 251
9 252
9 253
9 254
9 255
9 256
9 257
9 258
9 259
9 260
9 261
9 262
9 263
9 264
9 265
9 266
9 267
9 268
9 269
9 270
9 271
9 272
9 273
9 274
9 275
9 276
9 277
9 278
9 279
9 280
9 281
9 282
9 283
9 284
9 285
9 286
9 287
9 288
9 289
9 290
9 291
9 292
9 293
9 294

10 255
10 256
10 257
10 258
10 259
10 260
10 261
10 262
10 263
10 264
10 265
10 266
10 267
10 268
10 269
10 270
10 271
10 272
10 273
10 274
10 275
10 276
10 277
10 278
10 279
10 280
10 281
10 282
10 283
10 284
10 285
10 286
10 287
10 288
10 289
10 290
10 291
10 292
10 293
10 294
10 295
10 296
10 297
10 298

11 263
11 264
11 265
11 266
11 267
11 268
11 269
11 270
11 271
11 272
11 273
11 274
11 275
11 276
11 277
11 278
11 279
11 280
11 281
11 282
11 283
11 284
11 285
11 286
11 287
11 288
11 289
11 290
11 291
11 292
11 293
11 294
11 295
11 296
11 297
11 298
11 299
11 300
11 301

12 261
12 262
12 263
12 264
12 265
12 266
12 267
12 268
12 269
12 270
12 271
12 272
12 273
12 274
12 275
12 276
12 277
12 278
12 279
12 280
12 281
12 282
12 283
12 284
12 285
12 286
12 287
12 288
12 289
12 290
12 291
12 292
12 293
12 294
12 295
12 296
12 297
12 298
12 299
12 300
12 301
12 302
12 303

13 263
13 264
13 265
13 266
13 267
13 268
13 269
13 270
13 271
13 272
13 273
13 274
13 275
13 276
13 277
13 278
13 279
13 280
13 281
13 282
13 283
13 284
13 285
13 286
13 287
13 288
13 289
13 290
13 291
13 292
13 293
13 294
13 295
13 296
13 297
13 298
13 299
13 300
13 301
13 302
13 303
13 304
13 305
13 306
13 307
13 308
13 309
13 310

14 268
14 269
14 270
14 271
14 272
14 273
14 274
14 275
14 276
14 277
14 278
14 279
14 280
14 281
14 282
14 283
14 284
14 285
14 286
14 287
14 288
14 289
14 290
14 291
14 292
14 293
14 294
14 295
14 296
14 297
14 298
14 299
14 300
14 301
14 302
14 303
14 304
14 305
14 306
14 307
14 308
14 309
14 310
14 311

15 267
15 268
15 269
15 270
15 271
15 272
15 273
15 274
15 275
15 276
15 277
15 278
15 279
15 280
15 281
15 282
15 283
15 284
15 285
15 286
15 287
15 288
15 289
15 290
15 291
15 292
15 293
15 294
15 295
15 296
15 297
15 298
15 299
15 300
15 301
15 302
15 303
15 304
15 305
15 306
15 307
15 308
15 309
15 310
15 311
15 312

16 275
16 276
16 277
16 278
16 279
16 280
16 281
16 282
16 283
16 284
16 285
16 286
16 287
16 288
16 289
16 290
16 291
16 292
16 293
16 294
16 295
16 296
16 297
16 298
16 299
16 300
16 301
16 302
16 303
16 304
16 305
16 306
16 307
16 308
16 309
16 310
16 311
16 312
16 313
16 314
16 315
16 316
16 317

17 277
17 278
17 279
17 280
17 281
17 282
17 283
17 284
17 285
17 286
17 287
17 288
17 289
17 290
17 291
17 292
17 293
17 294
17 295
17 296
17 297
17 298
17 299
17 300
17 301
17 302
17 303
17 304
17 305
17 306
17 307
17 308
17 309
17 310
17 311
17 312
17 313
17 314
17 315
17 316
17 317
17 318
17 319
17 320

18 277
18 278
18 279
18 280
18 281
18 282
18 283
18 284
18 285
18 286
18 287
18 288
18 289
18 290
18 291
18 292
18 293
18 294
18 295
18 296
18 297
18 298
18 299
18 300
18 301
18 302
18 303
18 304
18 305
18 306
18 307
18 308
18 309
18 310
18 311
18 312
18 313
18 314
18 315
18 316
18 317
18 318
18 319

19 280
19 281
19 282
19 283
19 284
19 285
19 286
19 287
19 288
19 289
19 290
19 291
19 292
19 293
19 294
19 295
19 296
19 297
19 298
19 299
19 300
19 301
19 302
19 303
19 304
19 305
19 306
19 307
19 308
19 309
19 310
19 311
19 312
19 313
19 314
19 315
19 316
19 317
19 318
19 319
19 320

20 291
20 292
20 293
20 294
20 295
20 296
20 297
20 298
20 299
20 300
20 301
20 302
20 303
20 304
20 305
20 306
20 307
20 308
20 309
20 310
20 311
20 312
20 313
20 314
20 315
20 316
20 317
20 318
20 319

21 299
21 300
21 301
21 302
21 303
21 304
21 305
21 306
21 307
21 308
21 309
21 310
21 311
21 312
21 313
21 314
21 315
21 316
21 317
21 318
21 319
21 320
21 321
21 322
21 323
21 324
21 325
21 326
21 327
21 328
21 329

22 298
22 299
22 300
22 301
22 302
22 303
22 304
22 305
22 306
22 307
22 308
22 309
22 310
22 311
22 312
22 313
22 314
22 315
22 316
22 317
22 318
22 319
22 320
22 321
22 322
22 323
22 324
22 325
22 326
22 327
22 328
22 329
22 330
22 331
22 332
22 333
22 334
22 335

23 295
23 296
23 297
23 298
23 299
23 300
23 301
23 302
23 303
23 304
23 305
23 306
23 307
23 308
23 309
23 310
23 311
23 312
23 313
23 314
23 315
23 316
23 317
23 318
23 319
23 320
23 321
23 322
23 323
23 324
23 325
23 326
23 327
23 328
23 329
23 330
23 331
23 332
23 333
23 334
23 335
23 336
23 337

24 299
24 300
24 301
24 302
24 303
24 304
24 305
24 306
24 307
24 308
24 309
24 310
24 311
24 312
24 313
24 314
24 315
24 316
24 317
24 318
24 319
24 320
24 321
24 322
24 323
24 324
24 325
24 326
24 327
24 328
24 329
24 330
24 331
24 332
24 333
24 334
24 335
24 336
24 337
24 338
24 339
24 340
24 341

25 298
25 299
25 300
25 301
25 302
25 303
25 304
25 305
25 306
25 307
25 308
25 309
25 310
25 311
25 312
25 313
25 314
25 315
25 316
25 317
25 318
25 319
25 320
25 321
25 322
25 323
25 324
25 325
25 326
25 327
25 328
25 329
25 330
25 331
25 332
25 333
25 334
25 335
25 336
25 337
25 338
25 339
25 340
25 341
25 342

26 303
26 304
26 305
26 306
26 307
26 308
26 309
26 310
26 311
26 312
26 313
26 314
26 315
26 316
26 317
26 318
26 319
26 320
26 321
26 322
26 323
26 324
26 325
26 326
26 327
26 328
26 329
26 330
26 331
26 332
26 333
26 334
26 335
26 336
26 337
26 338
26 339
26 340
26 341
26 342

27 304
27 305
27 306
27 307
27 308
27 309
27 310
27 311
27 312
27 313
27 314
27 315
27 316
27 317
27 318
27 319
27 320
27 321
27 322
27 323
27 324
27 325
27 326
27 327
27 328
27 329
27 330
27 331
27 332
27 333
27 334
27 335
27 336
27 337
27 338
27 339
27 340
27 341
27 342
27 343
27 344
27 345
27 346
27 347
27 348

28 311
28 312
28 313
28 314
28 315
28 316
28 317
28 318
28 319
28 320
28 321
28 322
28 323
28 324
28 325
28 326
28 327
28 328
28 329
28 330
28 331
28 332
28 333
28 334
28 335
28 336
28 337
28 338
28 339
28 340
28 341
28 342
28 343
28 344
28 345
28 346
28 347
28 348
28 349
28 350
28 351
28 352
28 353
28 354
28 355

29 317
29 318
29 319
29 320
29 321
29 322
29 323
29 324
29 325
29 326
29 327
29 328
29 329
29 330
29 331
29 332
29 333
29 334
29 335
29 336
29 337
29 338
29 339
29 340
29 341
29 342
29 343
29 344
29 345
29 346
29 347
29 348
29 349
29 350
29 351
29 352
29 353

30 315
30 316
30 317
30 318
30 319
30 320
30 321
30 322
30 323
30 324
30 325
30 326
30 327
30 328
30 329
30 330
30 331
30 332
30 333
30 334
30 335
30 336
30 337
30 338
30 339
30 340
30 341
30 342
30 343
30 344
30 345
30 346
30 347
30 348
30 349
30 350
30 351
30 352
30 353
30 354

31 313
31 314
31 315
31 316
31 317
31 318
31 319
31 320
31 321
31 322
31 323
31 324
31 325
31 326
31 327
31 328
31 329
31 330
31 331
31 332
31 333
31 334
31 335
31 336
31 337
31 338
31 339
31 340
31 341
31 342
31 343
31 344
31 345
31 346
31 347
31 348
31 349
31 350
31 351
31 352
31 353
31 354
31 355
31 356
31 357
31 358
31 359
31 360

32 326
32 327
32 328
32 329
32 330
32 331
32 332
32 333
32 334
32 335
32 336
32 337
32 338
32 339
32 340
32 341
32 342
32 343
32 344
32 345
32 346
32 347
32 348
32 349
32 350
32 351
32 352
32 353
32 354
32 355
32 356
32 357

33 329
33 330
33 331
33 332
33 333
33 334
33 335
33 336
33 337
33 338
33 339
33 340
33 341
33 342
33 343
33 344
33 345
33 346
33 347
33 348
33 349
33 350
33 351
33 352
33 353
33 354
33 355
33 356
33 357
33 358
33 359
33 360

34 330
34 331
34 332
34 333
34 334
34 335
34 336
34 337
34 338
34 339
34 340
34 341
34 342
34 343
34 344
34 345
34 346
34 347
34 348
34 349
34 350
34 351
34 352
34 353
34 354
34 355
34 356
34 357
34 358
34 359
34 360
34 361
34 362
34 363
34 364
34 365

35 335
35 336
35 337
35 338
35 339
35 340
35 341
35 342
35 343
35 344
35 345
35 346
35 347
35 348
35 349
35 350
35 351
35 352
35 353
35 354
35 355
35 356
35 357
35 358
35 359
35 360
35 361

36 337
36 338
36 339
36 340
36 341
36 342
36 343
36 344
36 345
36 346
36 347
36 348
36 349
36 350
36 351
36 352
36 353
36 354
36 355
36 356
36 357
36 358
36 359
36 360
36 361
36 362
36 363
36 364

37 333
37 334
37 335
37 336
37 337
37 338
37 339
37 340
37 341
37 342
37 343
37 344
37 345
37 346
37 347
37 348
37 349
37 350
37 351
37 352
37 353
37 354
37 355
37 356
37 357
37 358
37 359
37 360
37 361
37 362
37 363
37 364
37 365
37 366
37 367
37 368
37 369
37 370
37 371
37 372

38 338
38 339
38 340
38 341
38 342
38 343
38 344
38 345
38 346
38 347
38 348
38 349
38 350
38 351
38 352
38 353
38 354
38 355
38 356
38 357
38 358
38 359
38 360
38 361
38 362
38 363
38 364
38 365
38 366
38 367
38 368
38 369
38 370
38 371
38 375

39 341
39 342
39 343
39 344
39 345
39 346
39 347
39 348
39 349
39 350
39 351
39 352
39 353
39 354
39 355
39 356
39 357
39 358
39 359
39 360
39 361
39 362
39 363
39 364
39 365
39 366
39 367
39 368
39 369
39 370
39 371
39 372
39 373
39 374
39 375
39 376
39 377
39 378

40 346
40 347
40 348
40 349
40 350
40 351
40 352
40 353
40 354
40 355
40 356
40 357
40 358
40 359
40 360
40 361
40 362
40 363
40 364
40 365
40 366
40 367
40 368
40 369
40 370
40 371
40 372
40 373
40 374
40 375
40 376
40 377

41 347
41 350
41 351
41 352
41 353
41 354
41 355
41 356
41 357
41 358
41 359
41 360
41 361
41 362
41 363
41 364
41 365
41 366
41 367
41 368
41 369
41 370
41 371
41 372
41 373
41 374
41 375
41 376
41 377
41 378

42 346
42 347
42 353
42 354
42 355
42 356
42 357
42 358
42 359
42 360
42 361
42 362
42 363
42 364
42 365
42 366
42 367
42 368
42 369
42 370
42 371
42 372
42 373
42 374
42 375
42 376
42 377
42 378
42 379
42 380
42 381
42 382
42 383
42 384
42 385

43 345
43 346
43 347
43 348
43 349
43 350
43 351
43 352
43 353
43 354
43 355
43 356
43 357
43 358
43 359
43 360
43 361
43 362
43 363
43 364
43 365
43 366
43 367
43 368
43 369
43 370
43 371
43 372
43 373
43 374
43 375
43 376
43 377
43 378
43 379
43 380
43 381
43 382
43 383
43 384
43 385
43 386

44 349
44 350
44 351
44 352
44 353
44 354
44 355
44 356
44 357
44 358
44 359
44 360
44 361
44 362
44 363
44 364
44 365
44 366
44 367
44 368
44 369
44 370
44 371
44 372
44 373
44 374
44 375
44 376
44 377
44 378
44 379
44 380
44 381
44 382
44 383
44 384
44 385
44 386
44 387
44 388
44 389

45 353
45 354
45 355
45 356
45 357
45 358
45 359
45 360
45 361
45 362
45 363
45 364
45 365
45 366
45 367
45 368
45 369
45 370
45 371
45 372
45 373
45 374
45 375
45 376
45 377
45 378
45 379
45 380
45 381
45 382
45 383
45 384
45 385
45 386

46 358
46 359
46 360
46 361
46 362
46 363
46 364
46 365
46 366
46 367
46 368
46 369
46 370
46 371
46 372
46 373
46 374
46 375
46 376
46 377
46 378
46 379
46 380
46 381
46 382
46 383
46 384
46 385
46 386
46 387
46 388
46 389
46 390
46 391
46 392
46 393
46 394
46 395
46 396

47 357
47 358
47 359
47 360
47 361
47 362
47 363
47 364
47 365
47 366
47 367
47 368
47 369
47 370
47 371
47 372
47 373
47 374
47 375
47 376
47 377
47 378
47 379
47 380
47 381
47 382
47 383
47 384
47 385
47 386
47 387
47 388
47 389
47 390
47 391
47 394

48 363
48 364
48 365
48 366
48 367
48 368
48 369
48 370
48 371
48 372
48 373
48 374
48 375
48 376
48 377
48 378
48 379
48 380
48 381
48 382
48 383
48 384
48 385
48 386
48 387
48 388
48 389
48 390
48 391
48 392
48 393
48 394
48 395

49 366
49 367
49 368
49 369
49 370
49 371
49 372
49 373
49 374
49 375
49 376
49 377
49 378
49 379
49 380
49 381
49 382
49 383
49 384
49 385
49 386
49 387
49 388
49 389
49 390
49 391
49 392
49 393
49 394
49 395
49 396
49 397

50 366
50 367
50 368
50 369
50 370
50 371
50 372
50 373
50 374
50 375
50 376
50 377
50 378
50 379
50 380
50 381
50 382
50 383
50 384
50 385
50 386
50 387
50 388
50 389
50 390
50 391
50 392
50 393
50 394
50 395
50 396
50 397
50 398
50 399

51 364
51 365
51 366
51 367
51 368
51 369
51 370
51 371
51 372
51 373
51 374
51 375
51 376
51 377
51 378
51 379
51 380
51 381
51 382
51 383
51 384
51 385
51 386
51 387
51 388
51 389
51 390
51 391
51 392
51 393
51 394
51 395
51 396
51 397
51 398
51 399
51 400
51 401

52 365
52 366
52 367
52 368
52 369
52 370
52 371
52 372
52 373
52 374
52 375
52 376
52 377
52 378
52 379
52 380
52 381
52 382
52 383
52 384
52 385
52 386
52 387
52 388
52 389
52 390
52 391
52 392
52 393
52 394
52 395
52 396
52 397
52 398
52 399
52 400
52 401
52 402
52 403
52 404
52 405
52 406
52 407
52 408

53 369
53 370
53 371
53 372
53 373
53 374
53 375
53 376
53 377
53 378
53 379
53 380
53 381
53 382
53 383
53 384
53 385
53 386
53 387
53 388
53 389
53 390
53 391
53 392
53 393
53 394
53 395
53 396
53 397
53 398
53 399
53 400
53 401
53 402
53 403
53 404
53 405
53 406
53 407
53 408
53 409
53 410
53 411
53 412
53 413
53 414
53 415
53 416

54 374
54 375
54 376
54 377
54 378
54 379
54 380
54 381
54 382
54 383
54 384
54 385
54 386
54 387
54 388
54 389
54 390
54 391
54 392
54 393
54 394
54 395
54 396
54 397
54 398
54 399
54 400
54 401
54 402
54 403
54 404
54 405
54 406
54 407
54 408
54 409
54 410
54 411
54 412
54 413
54 414
54 415
54 416
54 417

55 375
55 376
55 377
55 378
55 379
55 380
55 381
55 382
55 383
55 384
55 385
55 386
55 387
55 388
55 389
55 390
55 391
55 392
55 393
55 394
55 395
55 396
55 397
55 398
55 399
55 400
55 401
55 402
55 403
55 404
55 405
55 406
55 407
55 408
55 409
55 410
55 411
55 412

56 382
56 383
56 384
56 385
56 386
56 387
56 388
56 389
56 390
56 391
56 392
56 393
56 394
56 395
56 396
56 397
56 398
56 399
56 400
56 401
56 402
56 403
56 404
56 405
56 406
56 407
56 408
56 409
56 410

57 379
57 380
57 381
57 382
57 383
57 384
57 385
57 386
57 387
57 388
57 389
57 390
57 391
57 392
57 393
57 394
57 395
57 396
57 397
57 398
57 399
57 400
57 401
57 402
57 403
57 404
57 405
57 406
57 407
57 408
57 409
57 410
57 411
57 412

58 385
58 386
58 387
58 388
58 389
58 390
58 391
58 392
58 393
58 394
58 395
58 396
58 397
58 398
58 399
58 400
58 401
58 402
58 403
58 404
58 405
58 406
58 407
58 408
58 409
58 410

59 397
59 398
59 399
59 400
59 401
59 402
59 403
59 404
59 405
59 406
59 407
59 408
59 409
59 410
59 411
59 412
59 413
59 414
59 415
59 416
59 417
59 418
59 419

60 388
60 389
60 390
60 391
60 392
60 393
60 394
60 395
60 396
60 397
60 398
60 399
60 400
60 401
60 402
60 403
60 404
60 405
60 406
60 407
60 408
60 409
60 410
60 411
60 412
60 413
60 414
60 415
60 416
60 417
60 418
60 419
60 420
60 421
60 422
60 423

61 385
61 386
61 387
61 388
61 389
61 390
61 391
61 392
61 393
61 394
61 395
61 396
61 397
61 398
61 399
61 400
61 401
61 402
61 403
61 404
61 405
61 406
61 407
61 408
61 409
61 410
61 411
61 412
61 413
61 414
61 415
61 416
61 417
61 418
61 419
61 420
61 421

62 393
62 394
62 395
62 396
62 397
62 398
62 399
62 400
62 401
62 402
62 403
62 404
62 405
62 406
62 407
62 408
62 409
62 410
62 411
62 412
62 413
62 414
62 415
62 416
62 417
62 418
62 419
62 420
62 421
62 422
62 423

63 396
63 397
63 398
63 399
63 400
63 401
63 402
63 403
63 404
63 405
63 406
63 407
63 408
63 409
63 410
63 411
63 412
63 413
63 414
63 415
63 416
63 417
63 418
63 419
63 420
63 421
63 422
63 423
63 424
63 425
63 426
63 427

64 400
64 401
64 402
64 403
64 404
64 405
64 406
64 407
64 408
64 409
64 410
64 411
64 412
64 413
64 414
64 415
64 416
64 417
64 418
64 419
64 420
64 421
64 422
64 423
64 424

65 399
65 400
65 401
65 402
65 403
65 404
65 405
65 406
65 407
65 408
65 409
65 410
65 411
65 412
65 413
65 414
65 415
65 416
65 417
65 418
65 419
65 420
65 421
65 422
65 423
65 424
65 425
65 426
65 427
65 428
65 429

66 400
66 401
66 405
66 406
66 407
66 408
66 409
66 410
66 411
66 412
66 413
66 414
66 415
66 416
66 417
66 418
66 419
66 420
66 421
66 422
66 423
66 424
66 425
66 426
66 427
66 428

67 399
67 400
67 401
67 402
67 403
67 404
67 405
67 406
67 407
67 408
67 409
67 410
67 411
67 412
67 413
67 414
67 415
67 416
67 417
67 418
67 419
67 420
67 421
67 422
67 423
67 424
67 425
67 426
67 427
67 428
67 429
67 430
67 431
67 432

68 403
68 404
68 405
68 406
68 407
68 408
68 409
68 410
68 411
68 412
68 413
68 414
68 415
68 416
68 417
68 418
68 419
68 420
68 421
68 422
68 423
68 424
68 425
68 426
68 427
68 428
68 429
68 430

69 409
69 410
69 411
69 412
69 413
69 414
69 415
69 416
69 417
69 418
69 419
69 422
69 423
69 424
69 425
69 426
69 427
69 433
69 434

70 409
70 410
70 411
70 412
70 413
70 414
70 415
70 416
70 417
70 418
70 419
70 420
70 421
70 422
70 423
70 424
70 425
70 426
70 427
70 428
70 429
70 430
70 431
70 432
70 433
70 434
70 435
70 436
70 437
70 438
70 439
70 440
70 441
70 442

71 413
71 414
71 415
71 416
71 417
71 418
71 419
71 420
71 421
71 422
71 423
71 424
71 425
71 426
71 427
71 428
71 429
71 430
71 431
71 432
71 433
71 434
71 435
71 436
71 437
71 438
71 439
71 440

72 414
72 417
72 418
72 419
72 420
72 421
72 422
72 423
72 424
72 425
72 426
72 427
72 428
72 429
72 430
72 431
72 432
72 433
72 434
72 435
72 436
72 437
72 438
72 439
72 440
72 441
72 442
72 443
72 444
72 445

73 419
73 420
73 421
73 422
73 423
73 424
73 425
73 426
73 427
73 428
73 429
73 430
73 431
73 432
73 433
73 434
73 435
73 436
73 437
73 438
73 439
73 440
73 441
73 442
73 443
73 444

74 422
74 423
74 424
74 425
74 426
74 427
74 428
74 429
74 430
74 431
74 432
74 433
74 434
74 435
74 436
74 437
74 438

75 421
75 422
75 423
75 424
75 425
75 426
75 427
75 428
75 429
75 430
75 431
75 432
75 433
75 434
75 435
75 436
75 437
75 438
75 439


77 436
77 437
77 438
77 439
77 440
77 441
77 442
77 443
77 444
77 445
77 446
77 447
77 448
77 449

78 426
78 427
78 428
78 429
78 430
78 431
78 432
78 433
78 434
78 435
78 436
78 437
78 438
78 439
78 440
78 441
78 442
78 443
78 444
78 445
78 446
78 447
78 448

79 428
79 429
79 430
79 431
79 432
79 433
79 434
79 435
79 436
79 437
79 438
79 439
79 440
79 441
79 442
79 443

80 433
80 434
80 435
80 436
80 437
80 438
80 439
80 440
80 441
80 442
80 443
80 444
80 445
80 446
80 447
80 448
80 449
80 450
80 451
80 452
80 453
80 454
80 455
80 456
80 457
80 458
80 459
80 460
80 461
80 462
80 463

81 435
81 436
81 437
81 438
81 439
81 440
81 441
81 442
81 443
81 444
81 445
81 446
81 447
81 448
81 449
81 450
81 451
81 452
81 453
81 454
81 455
81 456
81 457
81 458
81 459
81 460
81 461
81 462
81 463
81 464
81 465
81 466

82 436
82 437
82 438
82 439
82 440
82 441
82 442
82 443
82 444
82 445
82 446
82 447
82 448
82 449
82 450
82 451
82 452
82 453
82 454
82 455
82 456
82 457
82 458
82 459
82 460
82 461
82 462
82 463

83 450
83 451
83 452
83 453
83 454
83 455
83 456
83 457
83 458
83 459
83 460
83 461
83 462
83 463
83 464
83 465
83 466
83 467
83 468
83 469
83 470
83 471
83 472
83 473
83 474

84 447
84 448
84 449
84 450
84 451
84 452
84 453
84 454
84 455
84 456
84 457
84 458
84 459
84 460
84 461
84 462
84 463
84 464
84 465
84 466
84 467
84 468
84 469
84 470
84 471
84 472
84 473
84 474
84 475
84 476
84 477
84 478

85 448
85 449
85 450
85 451
85 452
85 453
85 454
85 455
85 456
85 457
85 458
85 459
85 460
85 461
85 462
85 463
85 464
85 465
85 466
85 467
85 468
85 469
85 470
85 471
85 472
85 473
85 474
85 475
85 476
85 477
85 478
85 479
85 480
85 481
85 482

86 340
86 341
86 342
86 343
86 344
86 345
86 346
86 347
86 348
86 349
86 457
86 458
86 459
86 460
86 461
86 462
86 463
86 464
86 465
86 466
86 467
86 468
86 469
86 470
86 471
86 472
86 473
86 474
86 475
86 476
86 477
86 478
86 479
86 480
86 481
86 482
86 483
86 484
86 485
86 486

87 467
87 468
87 469
87 470
87 471
87 472
87 473
87 474
87 475
87 476
87 477
87 478
87 479
87 480
87 481
87 482
87 483
87 484
87 485
87 486
87 487
87 488
87 489
87 490
87 491
87 492

88 368
88 369
88 370
88 371
88 372
88 373
88 374
88 375
88 376
88 377
88 378
88 379
88 380
88 381
88 382
88 383
88 384
88 385
88 386
88 387
88 388
88 389
88 390
88 479
88 480
88 481
88 482
88 483
88 484
88 485
88 486
88 487
88 488
88 489
88 490
88 491
88 492
88 493
88 494
88 495
88 496
88 497
88 498
88 499

89 379
89 380
89 381
89 382
89 383
89 384
89 385
89 386
89 387
89 388
89 389
89 390
89 391
89 392
89 393
89 394
89 395
89 396
89 397
89 398
89 399
89 400
89 401
89 402
89 403

90 391
90 392
90 393
90 394
90 395
90 396
90 397
90 398
90 399
90 400
90 401
90 402
90 403
90 404
90 405
90 406
90 407
90 408
90 409
90 410
90 411
90 412
90 413
90 414
90 415
90 416
90 417
90 418

91 398
91 399
91 400
91 401
91 402
91 403
91 404
91 405
91 406
91 407
91 408
91 409
91 410
91 411
91 412
91 413
91 414
91 415
91 416
91 417
91 418
91 419
91 420
91 421
91 422
91 423
91 424
91 425
91 426
91 427
91 428
91 429

92 402
92 403
92 404
92 405
92 406
92 407
92 408
92 409
92 410
92 411
92 412
92 413
92 414
92 415
92 416
92 417
92 418
92 419
92 420
92 421
92 422
92 423
92 424
92 425
92 426
92 427
92 428
92 429
92 430
92 431
92 432
92 433
92 434
92 435
92 436

93 407
93 408
93 409
93 410
93 411
93 412
93 413
93 414
93 415
93 416
93 417
93 418
93 419
93 420
93 421
93 422
93 423
93 424
93 425
93 426
93 427
93 428
93 429
93 430
93 431
93 432
93 433
93 434
93 435
93 436
93 437
93 438
93 439
93 440
93 441
93 442
93 443
93 444
93 445

94 409
94 410
94 411
94 412
94 413
94 414
94 415
94 416
94 417
94 418
94 419
94 420
94 421
94 422
94 423
94 424
94 425
94 426
94 427
94 428
94 429
94 430
94 431
94 432
94 433
94 434
94 435
94 436
94 437
94 438
94 439
94 440
94 441
94 442
94 443
94 444
94 445
94 446

95 414
95 415
95 416
95 417
95 418
95 419
95 420
95 421
95 422
95 423
95 424
95 425
95 426
95 427
95 428
95 429
95 430
95 431
95 432
95 433
95 434
95 435
95 436
95 437
95 438
95 439
95 440
95 441
95 442
95 443
95 444
95 445
95 446
95 447
95 448
95 449
95 450
95 451
95 452
95 453

96 421
96 422
96 423
96 424
96 425
96 426
96 427
96 428
96 429
96 430
96 431
96 432
96 433
96 434
96 435
96 436
96 437
96 438
96 439
96 440
96 441
96 442
96 443
96 444
96 445
96 446
96 447
96 448
96 449
96 450
96 451
96 452
96 453
96 454
96 455
96 456

97 422
97 423
97 424
97 425
97 426
97 427
97 428
97 429
97 430
97 431
97 432
97 433
97 434
97 435
97 436
97 437
97 438
97 439
97 440
97 441
97 442
97 443
97 444
97 445
97 446
97 447
97 448
97 449
97 450
97 451
97 452
97 453
97 454
97 455
97 456
97 457
97 458
97 459
97 460

98 425
98 426
98 427
98 428
98 429
98 430
98 431
98 432
98 433
98 434
98 435
98 436
98 437
98 438
98 439
98 440
98 441
98 442
98 443
98 444
98 445
98 446
98 447
98 448
98 449
98 450
98 451
98 452
98 453
98 454
98 455
98 456
98 457
98 458
98 459
98 460
98 461

99 429
99 430
99 431
99 432
99 433
99 434
99 435
99 436
99 437
99 438
99 439
99 440
99 441
99 442
99 443
99 444
99 445
99 446
99 447
99 448
99 449
99 450
99 451
99 452
99 453
99 454
99 455
99 456
99 457
99 458
99 459
99 460
99 461
99 462

100 431
100 432
100 433
100 434
100 435
100 436
100 437
100 438
100 439
100 440
100 441
100 442
100 443
100 444
100 445
100 446
100 447
100 448
100 449
100 450
100 451
100 452
100 453
100 454
100 455
100 456
100 457
100 458
100 459
100 460
100 461
100 462
100 463
100 464
100 465

101 434
101 435
101 436
101 437
101 438
101 439
101 440
101 441
101 442
101 443
101 444
101 445
101 446
101 447
101 448
101 449
101 450
101 451
101 452
101 453
101 454
101 455
101 456
101 457
101 458
101 459
101 460
101 461
101 462
101 463
101 464

102 434
102 435
102 436
102 437
102 438
102 439
102 440
102 441
102 442
102 443
102 444
102 445
102 446
102 447
102 448
102 449
102 450
102 451
102 452
102 453
102 454
102 455
102 456
102 457
102 458
102 459
102 460
102 461
102 462
102 463
102 464
102 465
102 466

103 433
103 434
103 435
103 436
103 437
103 438
103 439
103 440
103 441
103 442
103 443
103 444
103 445
103 446
103 447
103 448
103 449
103 450
103 451
103 452
103 453
103 454
103 455
103 456
103 457
103 458
103 459
103 460
103 461
103 462
103 463
103 464
103 465
103 466
103 467
103 468
103 469

104 432
104 433
104 434
104 435
104 436
104 437
104 438
104 439
104 440
104 441
104 442
104 443
104 444
104 445
104 446
104 447
104 448
104 449
104 450
104 451
104 452
104 453
104 454
104 455
104 456
104 457
104 458
104 459
104 460
104 461
104 462
104 463
104 464
104 465
104 466
104 467
104 468
104 469
104 470

105 435
105 436
105 437
105 438
105 439
105 440
105 441
105 442
105 443
105 444
105 445
105 446
105 447
105 448
105 449
105 450
105 451
105 452
105 453
105 454
105 455
105 456
105 457
105 458
105 459
105 460
105 461
105 462
105 463
105 464
105 465
105 466
105 467
105 468
105 469
105 470
105 471
105 472

106 436
106 437
106 438
106 439
106 440
106 441
106 442
106 443
106 444
106 445
106 446
106 447
106 448
106 449
106 450
106 451
106 452
106 453
106 454
106 455
106 456
106 457
106 458
106 459
106 460
106 461
106 462
106 463
106 464
106 465
106 466
106 467
106 468
106 469
106 470
106 471
106 472

107 439
107 440
107 441
107 442
107 443
107 444
107 445
107 446
107 447
107 448
107 449
107 450
107 451
107 452
107 453
107 454
107 455
107 456
107 457
107 458
107 459
107 460
107 461
107 462
107 463
107 464
107 465
107 466
107 467
107 468
107 469

108 438
108 439
108 440
108 441
108 442
108 443
108 444
108 445
108 446
108 447
108 448
108 449
108 450
108 451
108 452
108 453
108 454
108 455
108 456
108 457
108 458
108 459
108 460
108 461
108 462
108 463
108 464
108 465
108 466

109 438
109 439
109 440
109 441
109 442
109 443
109 444
109 445
109 446
109 447
109 448
109 449
109 450
109 451
109 452
109 453
109 454
109 455
109 456
109 457
109 458
109 459
109 460
109 461
109 462
109 463
109 464
109 465
109 466
109 467
109 468
109 469
109 470
109 471

110 444
110 447
110 448
110 449
110 450
110 451
110 452
110 453
110 454
110 455
110 456
110 457
110 458
110 459
110 460
110 461
110 462
110 463
110 464
110 465
110 466
110 467
110 468
110 469
110 470
110 471
110 472
110 473
110 474
110 475

111 443
111 444
111 445
111 446
111 447
111 448
111 449
111 450
111 451
111 452
111 453
111 454
111 455
111 456
111 457
111 458
111 459
111 460
111 461
111 462
111 463
111 464
111 465
111 466
111 467
111 468
111 469
111 470
111 471
111 472
111 473
111 474

112 443
112 444
112 445
112 446
112 447
112 448
112 449
112 450
112 451
112 452
112 453
112 454
112 455
112 456
112 457
112 458
112 459
112 460
112 461
112 462
112 463
112 464
112 465
112 466
112 467
112 468
112 469
112 470
112 471
112 472
112 473
112 474
112 475
112 476
112 477
112 478

113 441
113 442
113 443
113 444
113 445
113 446
113 447
113 448
113 449
113 450
113 451
113 452
113 453
113 454
113 455
113 456
113 457
113 458
113 459
113 460
113 461
113 462
113 463
113 464
113 465
113 466
113 467
113 468
113 469
113 470
113 471
113 472
113 473
113 474
113 477

114 443
114 444
114 445
114 446
114 447
114 448
114 449
114 450
114 451
114 452
114 453
114 454
114 455
114 456
114 457
114 458
114 459
114 460
114 461
114 462
114 463
114 464
114 465
114 466
114 467
114 468
114 469
114 470
114 471
114 472
114 473
114 474
114 475
114 476
114 477
114 478
114 479

115 447
115 448
115 449
115 450
115 451
115 452
115 453
115 454
115 455
115 456
115 457
115 458
115 459
115 460
115 461
115 462
115 463
115 464
115 465
115 466
115 467
115 468
115 469
115 470
115 471
115 472
115 473
115 474
115 475
115 476

116 447
116 448
116 449
116 450
116 451
116 452
116 453
116 454
116 455
116 456
116 457
116 458
116 459
116 460
116 461
116 462
116 463
116 464
116 465
116 466
116 467
116 468
116 469
116 470
116 471
116 472
116 473
116 474
116 475
116 476
116 477

117 444
117 445
117 446
117 447
117 448
117 449
117 450
117 451
117 452
117 453
117 454
117 455
117 456
117 457
117 458
117 459
117 460
117 461
117 462
117 463
117 464
117 465
117 466
117 467
117 468
117 469
117 470
117 471
117 472
117 473
117 474
117 475
117 476
117 477
117 478

118 446
118 447
118 448
118 449
118 450
118 451
118 452
118 453
118 454
118 455
118 456
118 457
118 458
118 459
118 460
118 461
118 462
118 463
118 464
118 465
118 466
118 467
118 468
118 469
118 470
118 471
118 472
118 473
118 474
118 475
118 476
118 477
118 478
118 479
118 480

119 445
119 446
119 447
119 448
119 449
119 450
119 451
119 452
119 453
119 454
119 455
119 456
119 457
119 458
119 459
119 460
119 461
119 462
119 463
119 464
119 465
119 466
119 467
119 468
119 469
119 470
119 471
119 472
119 473
119 474
119 475
119 476
119 477
119 478

120 444
120 445
120 446
120 447
120 448
120 449
120 450
120 451
120 452
120 453
120 454
120 455
120 456
120 457
120 458
120 459
120 460
120 461
120 462
120 463
120 464
120 465
120 466
120 467
120 468
120 469
120 470
120 471
120 472
120 473
120 474
120 475
120 476
120 477
120 478
120 479
120 480

121 446
121 447
121 448
121 449
121 450
121 451
121 452
121 453
121 454
121 455
121 456
121 457
121 458
121 459
121 460
121 461
121 462
121 463
121 464
121 465
121 466
121 467
121 468
121 469
121 470
121 471
121 472
121 473
121 474
121 475
121 476
121 477
121 478
121 479
121 480
121 481
121 482

122 454
122 455
122 456
122 457
122 458
122 459
122 460
122 461
122 462
122 463
122 464
122 465
122 466
122 467
122 468
122 469
122 470
122 471
122 472
122 473
122 474
122 475
122 476
122 477
122 478
122 479
122 480
122 481
122 482
122 483

123 444
123 445
123 446
123 447
123 448
123 449
123 450
123 451
123 452
123 453
123 454
123 455
123 456
123 457
123 458
123 459
123 460
123 461
123 462
123 463
123 464
123 465
123 466
123 467
123 468
123 469
123 470
123 471
123 472
123 473
123 474
123 475
123 476
123 477
123 478
123 479
123 480

124 454
124 455
124 456
124 457
124 458
124 459
124 460
124 461
124 462
124 463
124 464
124 465
124 466
124 467
124 468
124 469
124 470
124 471
124 472
124 473
124 474
124 475
124 476
124 477
124 478
124 479
124 480
124 481
124 482
124 483

125 452
125 453
125 454
125 455
125 456
125 457
125 458
125 459
125 460
125 461
125 462
125 463
125 464
125 465
125 466
125 467
125 468
125 469
125 470
125 471
125 472
125 473
125 474
125 475
125 476
125 477
125 478
125 479

126 447
126 448
126 449
126 450
126 451
126 452
126 453
126 454
126 455
126 456
126 457
126 458
126 459
126 460
126 461
126 462
126 463
126 464
126 465
126 466
126 467
126 468
126 469
126 470
126 471
126 472
126 473
126 474
126 475
126 476
126 477
126 478
126 479
126 480
126 481
126 482
126 483

127 454
127 455
127 456
127 457
127 458
127 459
127 460
127 461
127 462
127 463
127 464
127 465
127 466
127 467
127 468
127 469
127 470
127 471
127 472
127 473
127 474
127 475
127 476
127 477
127 478
127 479
127 480
127 481
127 482
127 483

128 449
128 450
128 451
128 452
128 453
128 454
128 455
128 456
128 457
128 458
128 459
128 460
128 461
128 462
128 463
128 464
128 465
128 466
128 467
128 468
128 469
128 470
128 471
128 472
128 473
128 474
128 475
128 476
128 477
128 478
128 479
128 480
128 481
128 482

129 454
129 455
129 456
129 457
129 458
129 459
129 460
129 461
129 462
129 463
129 464
129 465
129 466
129 467
129 468
129 469
129 470
129 471
129 472
129 473
129 474
129 475
129 476
129 477
129 478
129 479
129 480
129 481
129 482
129 483
129 484

130 452
130 453
130 454
130 455
130 456
130 457
130 458
130 459
130 460
130 461
130 462
130 463
130 464
130 465
130 466
130 467
130 468
130 469
130 470
130 471
130 472
130 473
130 474
130 475
130 476
130 477
130 478
130 479
130 480
130 481
130 482
130 483

131 450
131 451
131 452
131 453
131 454
131 455
131 456
131 457
131 458
131 459
131 460
131 461
131 462
131 463
131 464
131 465
131 466
131 467
131 468
131 469
131 470
131 471
131 472
131 473
131 474
131 475
131 478
131 479
131 480

132 454
132 455
132 456
132 457
132 458
132 459
132 460
132 461
132 462
132 463
132 464
132 465
132 466
132 467
132 468
132 469
132 470
132 471
132 472
132 473
132 474
132 475
132 476
132 477
132 478
132 479
132 480
132 481

133 456
133 457
133 458
133 459
133 460
133 461
133 462
133 463
133 464
133 465
133 466
133 467
133 468
133 469
133 470
133 471
133 472
133 473
133 474
133 475
133 476
133 477
133 478
133 479
133 480

134 452
134 453
134 454
134 455
134 456
134 457
134 458
134 459
134 460
134 461
134 462
134 463
134 464
134 465
134 466
134 467
134 468
134 469
134 470
134 471
134 472
134 473
134 474
134 475
134 476
134 477
134 478
134 479

135 452
135 453
135 454
135 455
135 456
135 457
135 458
135 459
135 460
135 461
135 462
135 463
135 464
135 465
135 466
135 467
135 468
135 469
135 470
135 471
135 472
135 473
135 474
135 475
135 476
135 477
135 478
135 479
135 480
135 481

136 454
136 455
136 456
136 457
136 458
136 459
136 460
136 461
136 462
136 463
136 464
136 465
136 466
136 467
136 468
136 469
136 470
136 471
136 472
136 473
136 474
136 475
136 476
136 477
136 478
136 479
136 480
136 481

137 455
137 456
137 457
137 458
137 459
137 460
137 461
137 462
137 463
137 464
137 465
137 466
137 467
137 468
137 469
137 470
137 471
137 472
137 473
137 474
137 475
137 476
137 477
137 478
137 479
137 480

138 450
138 451
138 452
138 453
138 454
138 455
138 456
138 457
138 458
138 459
138 460
138 461
138 462
138 463
138 464
138 465
138 466
138 467
138 468
138 469
138 470
138 471
138 472
138 473
138 474
138 475

139 452
139 453
139 454
139 455
139 456
139 457
139 458
139 459
139 460
139 461
139 462
139 463
139 464
139 465
139 466
139 467
139 468
139 469
139 470
139 471
139 472
139 473
139 474
139 475
139 476
139 477
139 478
139 479

140 453
140 454
140 455
140 456
140 457
140 458
140 459
140 460
140 461
140 462
140 463
140 464
140 465
140 466
140 467
140 468
140 469
140 470
140 471
140 472
140 473
140 474
140 475
140 476
140 477
140 478
140 479
140 480
140 481

141 452
141 453
141 454
141 455
141 456
141 457
141 458
141 459
141 460
141 461
141 462
141 463
141 464
141 465
141 466
141 467
141 468
141 469
141 470
141 471
141 472
141 473
141 474
141 475
141 476
141 477
141 478
141 479

142 452
142 453
142 454
142 455
142 456
142 457
142 458
142 459
142 460
142 461
142 462
142 463
142 464
142 465
142 466
142 467
142 468
142 469
142 470
142 471
142 472
142 473
142 474
142 475
142 476
142 477
142 478
142 479
142 480
142 481
142 482

143 453
143 454
143 455
143 456
143 457
143 458
143 459
143 460
143 461
143 462
143 463
143 464
143 465
143 466
143 467
143 468
143 469
143 470
143 471
143 472
143 473
143 474
143 475
143 476
143 477
143 478
143 479

144 447
144 448
144 449
144 450
144 451
144 452
144 453
144 454
144 455
144 456
144 457
144 458
144 459
144 460
144 461
144 462
144 463
144 464
144 465
144 466
144 467
144 468
144 469
144 470
144 471
144 472
144 473
144 474
144 475
144 476
144 477
144 478

145 446
145 447
145 448
145 449
145 450
145 451
145 452
145 453
145 454
145 455
145 456
145 457
145 458
145 459
145 460
145 461
145 462
145 463
145 464
145 465
145 466
145 467
145 468
145 469
145 470
145 471
145 472
145 473
145 474
145 475
145 476

146 444
146 445
146 446
146 447
146 448
146 449
146 450
146 451
146 452
146 453
146 454
146 455
146 456
146 457
146 458
146 459
146 460
146 461
146 462
146 463
146 464
146 465
146 466
146 467
146 468
146 469
146 470
146 471
146 472
146 473
146 474
146 475
146 476
146 477
146 478

147 445
147 446
147 447
147 448
147 449
147 450
147 451
147 452
147 453
147 454
147 455
147 456
147 457
147 458
147 459
147 460
147 461
147 462
147 463
147 464
147 465
147 466
147 467
147 468
147 469
147 470
147 471
147 472
147 473
147 474
147 475
147 476
147 477

148 446
148 447
148 448
148 449
148 450
148 451
148 452
148 453
148 454
148 455
148 456
148 457
148 458
148 459
148 460
148 461
148 462
148 463
148 464
148 465
148 466
148 467
148 468
148 469
148 470
148 471
148 472
148 473
148 474
148 475
148 476

149 441
149 442
149 443
149 444
149 445
149 446
149 447
149 448
149 449
149 450
149 451
149 452
149 453
149 454
149 455
149 456
149 457
149 458
149 459
149 460
149 461
149 462
149 463
149 464
149 465
149 466
149 467
149 468
149 469
149 470
149 471

150 443
150 444
150 445
150 446
150 447
150 448
150 449
150 450
150 451
150 452
150 453
150 454
150 455
150 456
150 457
150 458
150 459
150 460
150 461
150 462
150 463
150 464
150 465
150 466
150 467
150 468
150 469
150 470
150 471
150 472
150 473
150 474

151 444
151 445
151 446
151 447
151 448
151 449
151 450
151 451
151 452
151 453
151 454
151 455
151 456
151 457
151 458
151 459
151 460
151 461
151 462
151 463
151 464
151 465
151 466
151 467
151 468
151 469
151 470
151 471
151 472

152 441
152 442
152 443
152 444
152 445
152 446
152 447
152 448
152 449
152 450
152 451
152 452
152 453
152 454
152 455
152 456
152 457
152 458
152 459
152 460
152 461
152 462
152 463
152 464
152 465
152 466
152 467
152 468
152 469
152 470
152 471
152 472
152 473

153 443
153 444
153 445
153 446
153 447
153 448
153 449
153 450
153 451
153 452
153 453
153 454
153 455
153 456
153 457
153 458
153 459
153 460
153 461
153 462
153 463
153 464
153 465
153 466
153 467
153 468

154 435
154 436
154 437
154 438
154 439
154 440
154 441
154 442
154 443
154 444
154 445
154 446
154 447
154 448
154 449
154 450
154 451
154 452
154 453
154 454
154 455
154 456
154 457
154 458
154 459
154 460
154 461
154 462
154 463
154 464
154 465
154 466
154 467

155 437
155 438
155 439
155 440
155 441
155 442
155 443
155 444
155 445
155 446
155 447
155 448
155 449
155 450
155 451
155 452
155 453
155 454
155 455
155 456
155 457
155 458
155 459
155 460
155 461
155 462
155 463
155 464
155 465
155 466
155 467
155 468
155 469
155 470

156 434
156 435
156 436
156 437
156 438
156 439
156 440
156 441
156 442
156 443
156 444
156 445
156 446
156 447
156 448
156 449
156 450
156 451
156 452
156 453
156 454
156 455
156 456
156 457
156 458
156 459
156 460
156 461
156 462
156 463
156 464
156 465
156 466
156 467

157 430
157 431
157 432
157 433
157 434
157 435
157 436
157 437
157 438
157 439
157 440
157 441
157 445
157 446
157 447
157 448
157 449
157 450
157 451
157 452
157 453
157 454
157 455
157 456
157 457
157 458
157 459

158 427
158 428
158 429
158 430
158 431
158 432
158 433
158 434
158 435
158 436
158 437
158 438
158 439
158 440
158 441
158 442
158 443
158 444
158 445
158 446
158 447
158 448
158 449
158 450
158 451
158 452
158 453
158 454
158 455
158 456

159 431
159 432
159 433
159 434
159 435
159 436
159 437
159 438
159 439
159 440
159 441
159 442
159 443
159 444
159 445
159 446
159 447
159 448
159 449
159 450
159 451
159 452
159 453
159 454
159 455
159 456
159 457
159 458
159 459
159 460
159 461

160 428
160 429
160 430
160 431
160 432
160 433
160 434
160 435
160 436
160 437
160 438
160 439
160 440
160 441
160 442
160 443
160 444
160 445
160 446
160 447
160 448
160 449
160 450
160 451
160 452
160 453
160 454

161 420
161 421
161 422
161 423
161 424
161 425
161 426
161 427
161 428
161 429
161 430
161 431
161 432
161 433
161 434
161 435
161 436
161 437
161 438
161 439
161 440
161 441
161 442
161 443
161 444
161 445
161 446
161 447
161 448
161 449
161 450
161 451
161 452
161 453
161 454

162 421
162 422
162 423
162 424
162 425
162 426
162 427
162 428
162 429
162 430
162 431
162 432
162 433
162 434
162 435
162 436
162 437
162 438
162 439
162 440
162 441
162 442
162 443
162 444
162 445
162 446
162 447
162 448
162 449
162 450
162 451
162 452
162 453
162 454
162 455

163 420
163 421
163 422
163 423
163 424
163 425
163 426
163 427
163 428
163 429
163 430
163 431
163 432
163 433
163 434
163 435
163 436
163 437
163 438
163 439
163 440
163 441
163 442
163 443
163 444
163 445
163 446
163 447
163 448
163 449

164 419
164 420
164 421
164 422
164 423
164 424
164 425
164 426
164 427
164 428
164 429
164 430
164 431
164 432
164 433
164 434
164 435
164 436
164 437
164 438
164 439
164 440
164 441
164 442
164 443
164 444
164 445
164 446
164 447
164 448
164 449
164 450
164 451

165 414
165 415
165 416
165 417
165 418
165 419
165 420
165 421
165 422
165 423
165 424
165 425
165 426
165 427
165 428
165 429
165 430
165 431
165 432
165 433
165 434
165 435
165 436
165 437
165 438
165 439
165 440
165 441
165 442
165 443
165 444
165 445
165 446

166 413
166 414
166 415
166 416
166 417
166 418
166 419
166 420
166 421
166 422
166 423
166 424
166 425
166 426
166 427
166 428
166 429
166 430
166 431
166 432
166 433
166 434
166 435
166 436
166 437
166 438
166 439
166 440
166 441
166 442
166 443
166 444
166 445

167 409
167 410
167 411
167 412
167 413
167 414
167 415
167 416
167 417
167 418
167 419
167 420
167 421
167 422
167 423
167 424
167 425
167 426
167 427
167 428
167 429
167 430
167 431
167 432
167 433
167 434
167 435
167 436
167 437
167 438
167 439

168 407
168 408
168 409
168 410
168 411
168 412
168 413
168 414
168 415
168 416
168 417
168 418
168 419
168 420
168 421
168 422
168 423
168 424
168 425
168 426
168 427
168 428
168 429
168 430
168 431
168 432
168 433
168 434
168 435

169 407
169 408
169 409
169 410
169 411
169 412
169 413
169 414
169 415
169 416
169 417
169 418
169 419
169 420
169 421
169 422
169 423
169 424
169 425
169 426
169 427
169 428
169 429
169 430
169 431
169 432
169 433
169 434

170 400
170 401
170 402
170 403
170 404
170 405
170 406
170 407
170 408
170 409
170 410
170 411
170 412
170 413
170 414
170 415
170 416
170 417
170 418
170 419
170 420
170 421
170 422
170 423
170 424
170 425
170 426
170 427
170 428
170 429
170 430
170 431
170 432
170 433
170 434
170 435
170 436

171 400
171 401
171 402
171 403
171 404
171 405
171 406
171 407
171 408
171 409
171 410
171 411
171 412
171 413
171 414
171 415
171 416
171 417
171 418
171 419
171 420
171 421
171 422
171 423
171 424
171 425
171 426

172 397
172 398
172 399
172 400
172 401
172 402
172 403
172 404
172 405
172 406
172 407
172 408
172 409
172 410
172 411
172 412
172 413
172 414
172 415
172 416
172 417
172 418
172 419
172 420
172 421
172 422
172 423
172 424

173 393
173 394
173 395
173 396
173 397
173 398
173 399
173 400
173 401
173 402
173 403
173 404
173 405
173 406
173 407
173 408
173 409
173 410
173 411
173 412
173 413
173 414
173 415
173 416
173 417
173 418
173 419
173 420
173 421

174 386
174 387
174 388
174 389
174 390
174 391
174 392
174 393
174 394
174 395
174 396
174 397
174 398
174 399
174 400
174 401
174 402
174 403
174 404
174 405
174 406
174 407
174 408
174 409
174 410
174 411
174 412
174 413
174 414
174 415
174 416
174 417
174 418

175 385
175 386
175 387
175 388
175 389
175 390
175 391
175 392
175 393
175 394
175 395
175 396
175 397
175 398
175 399
175 400
175 401
175 402
175 403
175 404
175 405
175 406
175 407
175 408
175 409
175 410
175 411
175 412

176 378
176 379
176 380
176 381
176 382
176 383
176 384
176 385
176 386
176 387
176 388
176 389
176 390
176 391
176 392
176 393
176 394
176 395
176 396
176 397
176 398
176 399
176 400
176 401
176 402
176 403
176 404

177 372
177 373
177 374
177 375
177 376
177 377
177 378
177 379
177 380
177 381
177 382
177 383
177 384
177 385
177 386
177 387
177 388
177 389
177 390
177 391
177 392
177 393
177 394
177 395
177 396
177 397
177 398
177 399
177 400
177 401

178 368
178 369
178 370
178 371
178 372
178 373
178 374
178 375
178 376
178 377
178 378
178 379
178 380
178 381
178 382
178 383
178 384
178 385
178 386
178 387
178 388
178 389
178 390
178 391
178 392
178 393
178 394

179 362
179 363
179 364
179 365
179 366
179 367
179 368
179 369
179 370
179 371
179 372
179 373
179 374
179 375
179 376
179 377
179 378
179 379
179 380
179 381
179 382
179 383
179 384
179 385
179 386
179 387
179 388
179 389
179 390
179 391
179 392
179 393
179 394

