-0.500000 0.373848
-0.475000 0.583635
-0.450000 0.971239
-0.425000 1.395653
-0.400000 1.831377
-0.375000 2.271707
-0.350000 2.714126
-0.325000 3.157494
-0.300000 3.601281
-0.275000 4.045251
-0.250000 4.489272
-0.225000 4.933169
-0.200000 5.376646
-0.175000 5.819273
-0.150000 6.260534
-0.125000 6.699886
-0.100000 7.136741
-0.075000 7.570274
-0.050000 7.998775
-0.025000 8.416505
0.000000 8.731227
0.025000 8.416505
0.050000 7.998775
0.075000 7.570274
0.100000 7.136741
0.125000 6.699886
0.150000 6.260534
0.175000 5.819273
0.200000 5.376646
0.225000 4.933169
0.250000 4.489272
0.275000 4.045251
0.300000 3.601281
0.325000 3.157494
0.350000 2.714126
0.375000 2.271707
0.400000 1.831377
0.425000 1.395653
0.450000 0.971239
0.475000 0.583635
