-0.500000 9.325286
-0.475000 9.417268
-0.450000 9.573074
-0.425000 9.724148
-0.400000 9.860237
-0.375000 9.980351
-0.350000 10.085056
-0.325000 10.175048
-0.300000 10.250987
-0.275000 10.313581
-0.250000 10.363507
-0.225000 10.400999
-0.200000 10.425028
-0.175000 10.431886
-0.150000 10.412536
-0.125000 10.347866
-0.100000 10.206321
-0.075000 9.964973
-0.050000 9.640920
-0.025000 9.272416
0.000000 8.972081
0.025000 9.272416
0.050000 9.640920
0.075000 9.964973
0.100000 10.206321
0.125000 10.347866
0.150000 10.412536
0.175000 10.431886
0.200000 10.425028
0.225000 10.400999
0.250000 10.363507
0.275000 10.313581
0.300000 10.250987
0.325000 10.175048
0.350000 10.085056
0.375000 9.980351
0.400000 9.860237
0.425000 9.724148
0.450000 9.573074
0.475000 9.417268
