-0.500000 12.285743
-0.475000 12.397688
-0.450000 12.611942
-0.425000 12.855923
-0.400000 13.113340
-0.375000 13.375017
-0.350000 13.628218
-0.325000 13.841492
-0.300000 13.917284
-0.275000 13.738158
-0.250000 13.405956
-0.225000 13.026077
-0.200000 12.633547
-0.175000 12.243687
-0.150000 11.870350
-0.125000 11.534830
-0.100000 11.269922
-0.075000 11.099916
-0.050000 11.010212
-0.025000 10.969270
0.000000 10.957536
0.025000 10.969270
0.050000 11.010212
0.075000 11.099916
0.100000 11.269922
0.125000 11.534830
0.150000 11.870350
0.175000 12.243687
0.200000 12.633547
0.225000 13.026077
0.250000 13.405956
0.275000 13.738158
0.300000 13.917284
0.325000 13.841492
0.350000 13.628218
0.375000 13.375017
0.400000 13.113340
0.425000 12.855923
0.450000 12.611942
0.475000 12.397688
