-0.500000 17.261039
-0.475000 17.119824
-0.450000 16.819691
-0.425000 16.464107
-0.400000 16.087064
-0.375000 15.704322
-0.350000 15.330380
-0.325000 14.996258
-0.300000 14.798177
-0.275000 14.852087
-0.250000 15.054997
-0.225000 15.301011
-0.200000 15.555593
-0.175000 15.805696
-0.150000 16.043745
-0.125000 16.263397
-0.100000 16.458184
-0.075000 16.621119
-0.050000 16.744877
-0.025000 16.822575
0.000000 16.849112
0.025000 16.822575
0.050000 16.744877
0.075000 16.621119
0.100000 16.458184
0.125000 16.263397
0.150000 16.043745
0.175000 15.805696
0.200000 15.555593
0.225000 15.301011
0.250000 15.054997
0.275000 14.852087
0.300000 14.798177
0.325000 14.996258
0.350000 15.330380
0.375000 15.704322
0.400000 16.087064
0.425000 16.464107
0.450000 16.819691
0.475000 17.119824
