-0.500000 18.047373
-0.475000 18.254618
-0.450000 18.548923
-0.425000 18.782281
-0.400000 18.970959
-0.375000 19.130452
-0.350000 19.267348
-0.325000 19.384033
-0.300000 19.481104
-0.275000 19.558541
-0.250000 19.616365
-0.225000 19.654991
-0.200000 19.675357
-0.175000 19.678912
-0.150000 19.667653
-0.125000 19.644304
-0.100000 19.612629
-0.075000 19.577690
-0.050000 19.545689
-0.025000 19.523068
0.000000 19.514882
0.025000 19.523068
0.050000 19.545689
0.075000 19.577690
0.100000 19.612629
0.125000 19.644304
0.150000 19.667653
0.175000 19.678912
0.200000 19.675357
0.225000 19.654991
0.250000 19.616365
0.275000 19.558541
0.300000 19.481104
0.325000 19.384033
0.350000 19.267348
0.375000 19.130452
0.400000 18.970959
0.425000 18.782281
0.450000 18.548923
0.475000 18.254618
