8300000000.0000000000
8301000000.0000000000
8302000000.0000000000
8303000000.0000000000
8304000000.0000000000
8305000000.0000000000
8306000000.0000000000
8307000000.0000000000
8308000000.0000000000
8309000000.0000000000
8310000000.0000000000
8311000000.0000000000
8312000000.0000000000
8313000000.0000000000
8314000000.0000000000
8315000000.0000000000
8316000000.0000000000
8317000000.0000000000
8318000000.0000000000
8319000000.0000000000
8320000000.0000000000
8321000000.0000000000
8322000000.0000000000
8323000000.0000000000
8324000000.0000000000
8325000000.0000000000
8326000000.0000000000
8327000000.0000000000
8328000000.0000000000
8329000000.0000000000
8330000000.0000000000
8331000000.0000000000
8332000000.0000000000
8333000000.0000000000
8334000000.0000000000
8335000000.0000000000
8336000000.0000000000
8337000000.0000000000
8338000000.0000000000
8339000000.0000000000
8340000000.0000000000
8341000000.0000000000
8342000000.0000000000
8343000000.0000000000
8344000000.0000000000
8345000000.0000000000
8346000000.0000000000
8347000000.0000000000
8348000000.0000000000
8349000000.0000000000
8350000000.0000000000
8351000000.0000000000
8352000000.0000000000
8353000000.0000000000
8354000000.0000000000
8355000000.0000000000
8356000000.0000000000
8357000000.0000000000
8358000000.0000000000
8359000000.0000000000
8360000000.0000000000
8361000000.0000000000
8362000000.0000000000
8363000000.0000000000
8364000000.0000000000
8365000000.0000000000
8366000000.0000000000
8367000000.0000000000
8368000000.0000000000
8369000000.0000000000
8370000000.0000000000
8371000000.0000000000
8372000000.0000000000
8373000000.0000000000
8374000000.0000000000
8375000000.0000000000
8376000000.0000000000
8377000000.0000000000
8378000000.0000000000
8379000000.0000000000
8380000000.0000000000
8381000000.0000000000
8382000000.0000000000
8383000000.0000000000
8384000000.0000000000
8385000000.0000000000
8386000000.0000000000
8387000000.0000000000
8388000000.0000000000
8389000000.0000000000
8390000000.0000000000
8391000000.0000000000
8392000000.0000000000
8393000000.0000000000
8394000000.0000000000
8395000000.0000000000
8396000000.0000000000
8397000000.0000000000
8398000000.0000000000
8399000000.0000000000
8400000000.0000000000
8401000000.0000000000
8402000000.0000000000
8403000000.0000000000
8404000000.0000000000
8405000000.0000000000
8406000000.0000000000
8407000000.0000000000
8408000000.0000000000
8409000000.0000000000
8410000000.0000000000
8411000000.0000000000
8412000000.0000000000
8413000000.0000000000
8414000000.0000000000
8415000000.0000000000
8416000000.0000000000
8417000000.0000000000
8418000000.0000000000
8419000000.0000000000
8420000000.0000000000
8421000000.0000000000
8422000000.0000000000
8423000000.0000000000
8424000000.0000000000
8425000000.0000000000
8426000000.0000000000
8427000000.0000000000
8428000000.0000000000
8429000000.0000000000
8430000000.0000000000
8431000000.0000000000
8432000000.0000000000
8433000000.0000000000
8434000000.0000000000
8435000000.0000000000
8436000000.0000000000
8437000000.0000000000
8438000000.0000000000
8439000000.0000000000
8440000000.0000000000
8441000000.0000000000
8442000000.0000000000
8443000000.0000000000
8444000000.0000000000
8445000000.0000000000
8446000000.0000000000
8447000000.0000000000
8448000000.0000000000
8449000000.0000000000
8450000000.0000000000
8451000000.0000000000
8452000000.0000000000
8453000000.0000000000
8454000000.0000000000
8455000000.0000000000
8456000000.0000000000
8457000000.0000000000
8458000000.0000000000
8459000000.0000000000
8460000000.0000000000
8461000000.0000000000
8462000000.0000000000
8463000000.0000000000
8464000000.0000000000
8465000000.0000000000
8466000000.0000000000
8467000000.0000000000
8468000000.0000000000
8469000000.0000000000
8470000000.0000000000
8471000000.0000000000
8472000000.0000000000
8473000000.0000000000
8474000000.0000000000
8475000000.0000000000
8476000000.0000000000
8477000000.0000000000
8478000000.0000000000
8479000000.0000000000
8480000000.0000000000
8481000000.0000000000
8482000000.0000000000
8483000000.0000000000
8484000000.0000000000
8485000000.0000000000
8486000000.0000000000
8487000000.0000000000
8488000000.0000000000
8489000000.0000000000
8490000000.0000000000
8491000000.0000000000
8492000000.0000000000
8493000000.0000000000
8494000000.0000000000
8495000000.0000000000
8496000000.0000000000
8497000000.0000000000
8498000000.0000000000
8499000000.0000000000
8500000000.0000000000
8501000000.0000000000
8502000000.0000000000
8503000000.0000000000
8504000000.0000000000
8505000000.0000000000
8506000000.0000000000
8507000000.0000000000
8508000000.0000000000
8509000000.0000000000
8510000000.0000000000
8511000000.0000000000
8512000000.0000000000
8513000000.0000000000
8514000000.0000000000
8515000000.0000000000
8516000000.0000000000
8517000000.0000000000
8518000000.0000000000
8519000000.0000000000
8520000000.0000000000
8521000000.0000000000
8522000000.0000000000
8523000000.0000000000
8524000000.0000000000
8525000000.0000000000
8526000000.0000000000
8527000000.0000000000
8528000000.0000000000
8529000000.0000000000
8530000000.0000000000
8531000000.0000000000
8532000000.0000000000
8533000000.0000000000
8534000000.0000000000
8535000000.0000000000
8536000000.0000000000
8537000000.0000000000
8538000000.0000000000
8539000000.0000000000
8540000000.0000000000
8541000000.0000000000
8542000000.0000000000
8543000000.0000000000
8544000000.0000000000
8545000000.0000000000
8546000000.0000000000
8547000000.0000000000
8548000000.0000000000
8549000000.0000000000
8550000000.0000000000
8551000000.0000000000
8552000000.0000000000
8553000000.0000000000
8554000000.0000000000
8555000000.0000000000
8556000000.0000000000
8557000000.0000000000
8558000000.0000000000
8559000000.0000000000
8560000000.0000000000
8561000000.0000000000
8562000000.0000000000
8563000000.0000000000
8564000000.0000000000
8565000000.0000000000
8566000000.0000000000
8567000000.0000000000
8568000000.0000000000
8569000000.0000000000
8570000000.0000000000
8571000000.0000000000
8572000000.0000000000
8573000000.0000000000
8574000000.0000000000
8575000000.0000000000
8576000000.0000000000
8577000000.0000000000
8578000000.0000000000
8579000000.0000000000
8580000000.0000000000
8581000000.0000000000
8582000000.0000000000
8583000000.0000000000
8584000000.0000000000
8585000000.0000000000
8586000000.0000000000
8587000000.0000000000
8588000000.0000000000
8589000000.0000000000
8590000000.0000000000
8591000000.0000000000
8592000000.0000000000
8593000000.0000000000
8594000000.0000000000
8595000000.0000000000
8596000000.0000000000
8597000000.0000000000
8598000000.0000000000
8599000000.0000000000
8600000000.0000000000
8601000000.0000000000
8602000000.0000000000
8603000000.0000000000
8604000000.0000000000
8605000000.0000000000
8606000000.0000000000
8607000000.0000000000
8608000000.0000000000
8609000000.0000000000
8610000000.0000000000
8611000000.0000000000
8612000000.0000000000
8613000000.0000000000
8614000000.0000000000
8615000000.0000000000
8616000000.0000000000
8617000000.0000000000
8618000000.0000000000
8619000000.0000000000
8620000000.0000000000
8621000000.0000000000
8622000000.0000000000
8623000000.0000000000
8624000000.0000000000
8625000000.0000000000
8626000000.0000000000
8627000000.0000000000
8628000000.0000000000
8629000000.0000000000
8630000000.0000000000
8631000000.0000000000
8632000000.0000000000
8633000000.0000000000
8634000000.0000000000
8635000000.0000000000
8636000000.0000000000
8637000000.0000000000
8638000000.0000000000
8639000000.0000000000
8640000000.0000000000
8641000000.0000000000
8642000000.0000000000
8643000000.0000000000
8644000000.0000000000
8645000000.0000000000
8646000000.0000000000
8647000000.0000000000
8648000000.0000000000
8649000000.0000000000
8650000000.0000000000
8651000000.0000000000
8652000000.0000000000
8653000000.0000000000
8654000000.0000000000
8655000000.0000000000
8656000000.0000000000
8657000000.0000000000
8658000000.0000000000
8659000000.0000000000
8660000000.0000000000
8661000000.0000000000
8662000000.0000000000
8663000000.0000000000
8664000000.0000000000
8665000000.0000000000
8666000000.0000000000
8667000000.0000000000
8668000000.0000000000
8669000000.0000000000
8670000000.0000000000
8671000000.0000000000
8672000000.0000000000
8673000000.0000000000
8674000000.0000000000
8675000000.0000000000
8676000000.0000000000
8677000000.0000000000
8678000000.0000000000
8679000000.0000000000
8680000000.0000000000
8681000000.0000000000
8682000000.0000000000
8683000000.0000000000
8684000000.0000000000
8685000000.0000000000
8686000000.0000000000
8687000000.0000000000
8688000000.0000000000
8689000000.0000000000
8690000000.0000000000
8691000000.0000000000
8692000000.0000000000
8693000000.0000000000
8694000000.0000000000
8695000000.0000000000
8696000000.0000000000
8697000000.0000000000
8698000000.0000000000
8699000000.0000000000
8700000000.0000000000
8701000000.0000000000
8702000000.0000000000
8703000000.0000000000
8704000000.0000000000
8705000000.0000000000
8706000000.0000000000
8707000000.0000000000
8708000000.0000000000
8709000000.0000000000
8710000000.0000000000
8711000000.0000000000
8712000000.0000000000
8713000000.0000000000
8714000000.0000000000
8715000000.0000000000
8716000000.0000000000
8717000000.0000000000
8718000000.0000000000
8719000000.0000000000
8720000000.0000000000
8721000000.0000000000
8722000000.0000000000
8723000000.0000000000
8724000000.0000000000
8725000000.0000000000
8726000000.0000000000
8727000000.0000000000
8728000000.0000000000
8729000000.0000000000
8730000000.0000000000
8731000000.0000000000
8732000000.0000000000
8733000000.0000000000
8734000000.0000000000
8735000000.0000000000
8736000000.0000000000
8737000000.0000000000
8738000000.0000000000
8739000000.0000000000
8740000000.0000000000
8741000000.0000000000
8742000000.0000000000
8743000000.0000000000
8744000000.0000000000
8745000000.0000000000
8746000000.0000000000
8747000000.0000000000
8748000000.0000000000
8749000000.0000000000
8750000000.0000000000
8751000000.0000000000
8752000000.0000000000
8753000000.0000000000
8754000000.0000000000
8755000000.0000000000
8756000000.0000000000
8757000000.0000000000
8758000000.0000000000
8759000000.0000000000
8760000000.0000000000
8761000000.0000000000
8762000000.0000000000
8763000000.0000000000
8764000000.0000000000
8765000000.0000000000
8766000000.0000000000
8767000000.0000000000
8768000000.0000000000
8769000000.0000000000
8770000000.0000000000
8771000000.0000000000
8772000000.0000000000
8773000000.0000000000
8774000000.0000000000
8775000000.0000000000
8776000000.0000000000
8777000000.0000000000
8778000000.0000000000
8779000000.0000000000
8780000000.0000000000
8781000000.0000000000
8782000000.0000000000
8783000000.0000000000
8784000000.0000000000
8785000000.0000000000
8786000000.0000000000
8787000000.0000000000
8788000000.0000000000
8789000000.0000000000
8790000000.0000000000
8791000000.0000000000
8792000000.0000000000
8793000000.0000000000
8794000000.0000000000
8795000000.0000000000
8796000000.0000000000
8797000000.0000000000
8798000000.0000000000
8799000000.0000000000
8800000000.0000000000
8801000000.0000000000
8802000000.0000000000
8803000000.0000000000
8804000000.0000000000
8805000000.0000000000
8806000000.0000000000
8807000000.0000000000
8808000000.0000000000
8809000000.0000000000
8810000000.0000000000
8811000000.0000000000
8812000000.0000000000
8813000000.0000000000
8814000000.0000000000
8815000000.0000000000
8816000000.0000000000
8817000000.0000000000
8818000000.0000000000
8819000000.0000000000
8820000000.0000000000
8821000000.0000000000
8822000000.0000000000
8823000000.0000000000
8824000000.0000000000
8825000000.0000000000
8826000000.0000000000
8827000000.0000000000
8828000000.0000000000
8829000000.0000000000
8830000000.0000000000
8831000000.0000000000
8832000000.0000000000
8833000000.0000000000
8834000000.0000000000
8835000000.0000000000
8836000000.0000000000
8837000000.0000000000
8838000000.0000000000
8839000000.0000000000
8840000000.0000000000
8841000000.0000000000
8842000000.0000000000
8843000000.0000000000
8844000000.0000000000
8845000000.0000000000
8846000000.0000000000
8847000000.0000000000
8848000000.0000000000
8849000000.0000000000
8850000000.0000000000
8851000000.0000000000
8852000000.0000000000
8853000000.0000000000
8854000000.0000000000
8855000000.0000000000
8856000000.0000000000
8857000000.0000000000
8858000000.0000000000
8859000000.0000000000
8860000000.0000000000
8861000000.0000000000
8862000000.0000000000
8863000000.0000000000
8864000000.0000000000
8865000000.0000000000
8866000000.0000000000
8867000000.0000000000
8868000000.0000000000
8869000000.0000000000
8870000000.0000000000
8871000000.0000000000
8872000000.0000000000
8873000000.0000000000
8874000000.0000000000
8875000000.0000000000
8876000000.0000000000
8877000000.0000000000
8878000000.0000000000
8879000000.0000000000
8880000000.0000000000
8881000000.0000000000
8882000000.0000000000
8883000000.0000000000
8884000000.0000000000
8885000000.0000000000
8886000000.0000000000
8887000000.0000000000
8888000000.0000000000
8889000000.0000000000
8890000000.0000000000
8891000000.0000000000
8892000000.0000000000
8893000000.0000000000
8894000000.0000000000
8895000000.0000000000
8896000000.0000000000
8897000000.0000000000
8898000000.0000000000
8899000000.0000000000
8900000000.0000000000
8901000000.0000000000
8902000000.0000000000
8903000000.0000000000
8904000000.0000000000
8905000000.0000000000
8906000000.0000000000
8907000000.0000000000
8908000000.0000000000
8909000000.0000000000
8910000000.0000000000
8911000000.0000000000
8912000000.0000000000
8913000000.0000000000
8914000000.0000000000
8915000000.0000000000
8916000000.0000000000
8917000000.0000000000
8918000000.0000000000
8919000000.0000000000
8920000000.0000000000
8921000000.0000000000
8922000000.0000000000
8923000000.0000000000
8924000000.0000000000
8925000000.0000000000
8926000000.0000000000
8927000000.0000000000
8928000000.0000000000
8929000000.0000000000
8930000000.0000000000
8931000000.0000000000
8932000000.0000000000
8933000000.0000000000
8934000000.0000000000
8935000000.0000000000
8936000000.0000000000
8937000000.0000000000
8938000000.0000000000
8939000000.0000000000
8940000000.0000000000
8941000000.0000000000
8942000000.0000000000
8943000000.0000000000
8944000000.0000000000
8945000000.0000000000
8946000000.0000000000
8947000000.0000000000
8948000000.0000000000
8949000000.0000000000
8950000000.0000000000
8951000000.0000000000
8952000000.0000000000
8953000000.0000000000
8954000000.0000000000
8955000000.0000000000
8956000000.0000000000
8957000000.0000000000
8958000000.0000000000
8959000000.0000000000
8960000000.0000000000
8961000000.0000000000
8962000000.0000000000
8963000000.0000000000
8964000000.0000000000
8965000000.0000000000
8966000000.0000000000
8967000000.0000000000
8968000000.0000000000
8969000000.0000000000
8970000000.0000000000
8971000000.0000000000
8972000000.0000000000
8973000000.0000000000
8974000000.0000000000
8975000000.0000000000
8976000000.0000000000
8977000000.0000000000
8978000000.0000000000
8979000000.0000000000
8980000000.0000000000
8981000000.0000000000
8982000000.0000000000
8983000000.0000000000
8984000000.0000000000
8985000000.0000000000
8986000000.0000000000
8987000000.0000000000
8988000000.0000000000
8989000000.0000000000
8990000000.0000000000
8991000000.0000000000
8992000000.0000000000
8993000000.0000000000
8994000000.0000000000
8995000000.0000000000
8996000000.0000000000
8997000000.0000000000
8998000000.0000000000
8999000000.0000000000
9000000000.0000000000
9001000000.0000000000
9002000000.0000000000
9003000000.0000000000
9004000000.0000000000
9005000000.0000000000
9006000000.0000000000
9007000000.0000000000
9008000000.0000000000
9009000000.0000000000
9010000000.0000000000
9011000000.0000000000
9012000000.0000000000
9013000000.0000000000
9014000000.0000000000
9015000000.0000000000
9016000000.0000000000
9017000000.0000000000
9018000000.0000000000
9019000000.0000000000
9020000000.0000000000
9021000000.0000000000
9022000000.0000000000
9023000000.0000000000
9024000000.0000000000
9025000000.0000000000
9026000000.0000000000
9027000000.0000000000
9028000000.0000000000
9029000000.0000000000
9030000000.0000000000
9031000000.0000000000
9032000000.0000000000
9033000000.0000000000
9034000000.0000000000
9035000000.0000000000
9036000000.0000000000
9037000000.0000000000
9038000000.0000000000
9039000000.0000000000
9040000000.0000000000
9041000000.0000000000
9042000000.0000000000
9043000000.0000000000
9044000000.0000000000
9045000000.0000000000
9046000000.0000000000
9047000000.0000000000
9048000000.0000000000
9049000000.0000000000
9050000000.0000000000
9051000000.0000000000
9052000000.0000000000
9053000000.0000000000
9054000000.0000000000
9055000000.0000000000
9056000000.0000000000
9057000000.0000000000
9058000000.0000000000
9059000000.0000000000
9060000000.0000000000
9061000000.0000000000
9062000000.0000000000
9063000000.0000000000
9064000000.0000000000
9065000000.0000000000
9066000000.0000000000
9067000000.0000000000
9068000000.0000000000
9069000000.0000000000
9070000000.0000000000
9071000000.0000000000
9072000000.0000000000
9073000000.0000000000
9074000000.0000000000
9075000000.0000000000
9076000000.0000000000
9077000000.0000000000
9078000000.0000000000
9079000000.0000000000
9080000000.0000000000
9081000000.0000000000
9082000000.0000000000
9083000000.0000000000
9084000000.0000000000
9085000000.0000000000
9086000000.0000000000
9087000000.0000000000
9088000000.0000000000
9089000000.0000000000
9090000000.0000000000
9091000000.0000000000
9092000000.0000000000
9093000000.0000000000
9094000000.0000000000
9095000000.0000000000
9096000000.0000000000
9097000000.0000000000
9098000000.0000000000
9099000000.0000000000
9100000000.0000000000
9101000000.0000000000
9102000000.0000000000
9103000000.0000000000
9104000000.0000000000
9105000000.0000000000
9106000000.0000000000
9107000000.0000000000
9108000000.0000000000
9109000000.0000000000
9110000000.0000000000
9111000000.0000000000
9112000000.0000000000
9113000000.0000000000
9114000000.0000000000
9115000000.0000000000
9116000000.0000000000
9117000000.0000000000
9118000000.0000000000
9119000000.0000000000
9120000000.0000000000
9121000000.0000000000
9122000000.0000000000
9123000000.0000000000
9124000000.0000000000
9125000000.0000000000
9126000000.0000000000
9127000000.0000000000
9128000000.0000000000
9129000000.0000000000
9130000000.0000000000
9131000000.0000000000
9132000000.0000000000
9133000000.0000000000
9134000000.0000000000
9135000000.0000000000
9136000000.0000000000
9137000000.0000000000
9138000000.0000000000
9139000000.0000000000
9140000000.0000000000
9141000000.0000000000
9142000000.0000000000
9143000000.0000000000
9144000000.0000000000
9145000000.0000000000
9146000000.0000000000
9147000000.0000000000
9148000000.0000000000
9149000000.0000000000
9150000000.0000000000
9151000000.0000000000
9152000000.0000000000
9153000000.0000000000
9154000000.0000000000
9155000000.0000000000
9156000000.0000000000
9157000000.0000000000
9158000000.0000000000
9159000000.0000000000
9160000000.0000000000
9161000000.0000000000
9162000000.0000000000
9163000000.0000000000
9164000000.0000000000
9165000000.0000000000
9166000000.0000000000
9167000000.0000000000
9168000000.0000000000
9169000000.0000000000
9170000000.0000000000
9171000000.0000000000
9172000000.0000000000
9173000000.0000000000
9174000000.0000000000
9175000000.0000000000
9176000000.0000000000
9177000000.0000000000
9178000000.0000000000
9179000000.0000000000
9180000000.0000000000
9181000000.0000000000
9182000000.0000000000
9183000000.0000000000
9184000000.0000000000
9185000000.0000000000
9186000000.0000000000
9187000000.0000000000
9188000000.0000000000
9189000000.0000000000
9190000000.0000000000
9191000000.0000000000
9192000000.0000000000
9193000000.0000000000
9194000000.0000000000
9195000000.0000000000
9196000000.0000000000
9197000000.0000000000
9198000000.0000000000
9199000000.0000000000
9200000000.0000000000
9201000000.0000000000
9202000000.0000000000
9203000000.0000000000
9204000000.0000000000
9205000000.0000000000
9206000000.0000000000
9207000000.0000000000
9208000000.0000000000
9209000000.0000000000
9210000000.0000000000
9211000000.0000000000
9212000000.0000000000
9213000000.0000000000
9214000000.0000000000
9215000000.0000000000
9216000000.0000000000
9217000000.0000000000
9218000000.0000000000
9219000000.0000000000
9220000000.0000000000
9221000000.0000000000
9222000000.0000000000
9223000000.0000000000
9224000000.0000000000
9225000000.0000000000
9226000000.0000000000
9227000000.0000000000
9228000000.0000000000
9229000000.0000000000
9230000000.0000000000
9231000000.0000000000
9232000000.0000000000
9233000000.0000000000
9234000000.0000000000
9235000000.0000000000
9236000000.0000000000
9237000000.0000000000
9238000000.0000000000
9239000000.0000000000
9240000000.0000000000
9241000000.0000000000
9242000000.0000000000
9243000000.0000000000
9244000000.0000000000
9245000000.0000000000
9246000000.0000000000
9247000000.0000000000
9248000000.0000000000
9249000000.0000000000
9250000000.0000000000
9251000000.0000000000
9252000000.0000000000
9253000000.0000000000
9254000000.0000000000
9255000000.0000000000
9256000000.0000000000
9257000000.0000000000
9258000000.0000000000
9259000000.0000000000
9260000000.0000000000
9261000000.0000000000
9262000000.0000000000
9263000000.0000000000
9264000000.0000000000
9265000000.0000000000
9266000000.0000000000
9267000000.0000000000
9268000000.0000000000
9269000000.0000000000
9270000000.0000000000
9271000000.0000000000
9272000000.0000000000
9273000000.0000000000
9274000000.0000000000
9275000000.0000000000
9276000000.0000000000
9277000000.0000000000
9278000000.0000000000
9279000000.0000000000
9280000000.0000000000
9281000000.0000000000
9282000000.0000000000
9283000000.0000000000
9284000000.0000000000
9285000000.0000000000
9286000000.0000000000
9287000000.0000000000
9288000000.0000000000
9289000000.0000000000
9290000000.0000000000
9291000000.0000000000
9292000000.0000000000
9293000000.0000000000
9294000000.0000000000
9295000000.0000000000
9296000000.0000000000
9297000000.0000000000
9298000000.0000000000
9299000000.0000000000
9300000000.0000000000
9301000000.0000000000
9302000000.0000000000
9303000000.0000000000
9304000000.0000000000
9305000000.0000000000
9306000000.0000000000
9307000000.0000000000
9308000000.0000000000
9309000000.0000000000
9310000000.0000000000
9311000000.0000000000
9312000000.0000000000
9313000000.0000000000
9314000000.0000000000
9315000000.0000000000
9316000000.0000000000
9317000000.0000000000
9318000000.0000000000
9319000000.0000000000
9320000000.0000000000
9321000000.0000000000
9322000000.0000000000
9323000000.0000000000
9324000000.0000000000
9325000000.0000000000
9326000000.0000000000
9327000000.0000000000
9328000000.0000000000
9329000000.0000000000
9330000000.0000000000
9331000000.0000000000
9332000000.0000000000
9333000000.0000000000
9334000000.0000000000
9335000000.0000000000
9336000000.0000000000
9337000000.0000000000
9338000000.0000000000
9339000000.0000000000
9340000000.0000000000
9341000000.0000000000
9342000000.0000000000
9343000000.0000000000
9344000000.0000000000
9345000000.0000000000
9346000000.0000000000
9347000000.0000000000
9348000000.0000000000
9349000000.0000000000
9350000000.0000000000
9351000000.0000000000
9352000000.0000000000
9353000000.0000000000
9354000000.0000000000
9355000000.0000000000
9356000000.0000000000
9357000000.0000000000
9358000000.0000000000
9359000000.0000000000
9360000000.0000000000
9361000000.0000000000
9362000000.0000000000
9363000000.0000000000
9364000000.0000000000
9365000000.0000000000
9366000000.0000000000
9367000000.0000000000
9368000000.0000000000
9369000000.0000000000
9370000000.0000000000
9371000000.0000000000
9372000000.0000000000
9373000000.0000000000
9374000000.0000000000
9375000000.0000000000
9376000000.0000000000
9377000000.0000000000
9378000000.0000000000
9379000000.0000000000
9380000000.0000000000
9381000000.0000000000
9382000000.0000000000
9383000000.0000000000
9384000000.0000000000
9385000000.0000000000
9386000000.0000000000
9387000000.0000000000
9388000000.0000000000
9389000000.0000000000
9390000000.0000000000
9391000000.0000000000
9392000000.0000000000
9393000000.0000000000
9394000000.0000000000
9395000000.0000000000
9396000000.0000000000
9397000000.0000000000
9398000000.0000000000
9399000000.0000000000
9400000000.0000000000
9401000000.0000000000
9402000000.0000000000
9403000000.0000000000
9404000000.0000000000
9405000000.0000000000
9406000000.0000000000
9407000000.0000000000
9408000000.0000000000
9409000000.0000000000
9410000000.0000000000
9411000000.0000000000
9412000000.0000000000
9413000000.0000000000
9414000000.0000000000
9415000000.0000000000
9416000000.0000000000
9417000000.0000000000
9418000000.0000000000
9419000000.0000000000
9420000000.0000000000
9421000000.0000000000
9422000000.0000000000
9423000000.0000000000
9424000000.0000000000
9425000000.0000000000
9426000000.0000000000
9427000000.0000000000
9428000000.0000000000
9429000000.0000000000
9430000000.0000000000
9431000000.0000000000
9432000000.0000000000
9433000000.0000000000
9434000000.0000000000
9435000000.0000000000
9436000000.0000000000
9437000000.0000000000
9438000000.0000000000
9439000000.0000000000
9440000000.0000000000
9441000000.0000000000
9442000000.0000000000
9443000000.0000000000
9444000000.0000000000
9445000000.0000000000
9446000000.0000000000
9447000000.0000000000
9448000000.0000000000
9449000000.0000000000
9450000000.0000000000
9451000000.0000000000
9452000000.0000000000
9453000000.0000000000
9454000000.0000000000
9455000000.0000000000
9456000000.0000000000
9457000000.0000000000
9458000000.0000000000
9459000000.0000000000
9460000000.0000000000
9461000000.0000000000
9462000000.0000000000
9463000000.0000000000
9464000000.0000000000
9465000000.0000000000
9466000000.0000000000
9467000000.0000000000
9468000000.0000000000
9469000000.0000000000
9470000000.0000000000
9471000000.0000000000
9472000000.0000000000
9473000000.0000000000
9474000000.0000000000
9475000000.0000000000
9476000000.0000000000
9477000000.0000000000
9478000000.0000000000
9479000000.0000000000
9480000000.0000000000
9481000000.0000000000
9482000000.0000000000
9483000000.0000000000
9484000000.0000000000
9485000000.0000000000
9486000000.0000000000
9487000000.0000000000
9488000000.0000000000
9489000000.0000000000
9490000000.0000000000
9491000000.0000000000
9492000000.0000000000
9493000000.0000000000
9494000000.0000000000
9495000000.0000000000
9496000000.0000000000
9497000000.0000000000
9498000000.0000000000
9499000000.0000000000
9500000000.0000000000
9501000000.0000000000
9502000000.0000000000
9503000000.0000000000
9504000000.0000000000
9505000000.0000000000
9506000000.0000000000
9507000000.0000000000
9508000000.0000000000
9509000000.0000000000
9510000000.0000000000
9511000000.0000000000
9512000000.0000000000
9513000000.0000000000
9514000000.0000000000
9515000000.0000000000
9516000000.0000000000
9517000000.0000000000
9518000000.0000000000
9519000000.0000000000
9520000000.0000000000
9521000000.0000000000
9522000000.0000000000
9523000000.0000000000
9524000000.0000000000
9525000000.0000000000
9526000000.0000000000
9527000000.0000000000
9528000000.0000000000
9529000000.0000000000
9530000000.0000000000
9531000000.0000000000
9532000000.0000000000
9533000000.0000000000
9534000000.0000000000
9535000000.0000000000
9536000000.0000000000
9537000000.0000000000
9538000000.0000000000
9539000000.0000000000
9540000000.0000000000
9541000000.0000000000
9542000000.0000000000
9543000000.0000000000
9544000000.0000000000
9545000000.0000000000
9546000000.0000000000
9547000000.0000000000
9548000000.0000000000
9549000000.0000000000
9550000000.0000000000
9551000000.0000000000
9552000000.0000000000
9553000000.0000000000
9554000000.0000000000
9555000000.0000000000
9556000000.0000000000
9557000000.0000000000
9558000000.0000000000
9559000000.0000000000
9560000000.0000000000
9561000000.0000000000
9562000000.0000000000
9563000000.0000000000
9564000000.0000000000
9565000000.0000000000
9566000000.0000000000
9567000000.0000000000
9568000000.0000000000
9569000000.0000000000
9570000000.0000000000
9571000000.0000000000
9572000000.0000000000
9573000000.0000000000
9574000000.0000000000
9575000000.0000000000
9576000000.0000000000
9577000000.0000000000
9578000000.0000000000
9579000000.0000000000
9580000000.0000000000
9581000000.0000000000
9582000000.0000000000
9583000000.0000000000
9584000000.0000000000
9585000000.0000000000
9586000000.0000000000
9587000000.0000000000
9588000000.0000000000
9589000000.0000000000
9590000000.0000000000
9591000000.0000000000
9592000000.0000000000
9593000000.0000000000
9594000000.0000000000
9595000000.0000000000
9596000000.0000000000
9597000000.0000000000
9598000000.0000000000
9599000000.0000000000
9600000000.0000000000
9601000000.0000000000
9602000000.0000000000
9603000000.0000000000
9604000000.0000000000
9605000000.0000000000
9606000000.0000000000
9607000000.0000000000
9608000000.0000000000
9609000000.0000000000
9610000000.0000000000
9611000000.0000000000
9612000000.0000000000
9613000000.0000000000
9614000000.0000000000
9615000000.0000000000
9616000000.0000000000
9617000000.0000000000
9618000000.0000000000
9619000000.0000000000
9620000000.0000000000
9621000000.0000000000
9622000000.0000000000
9623000000.0000000000
9624000000.0000000000
9625000000.0000000000
9626000000.0000000000
9627000000.0000000000
9628000000.0000000000
9629000000.0000000000
9630000000.0000000000
9631000000.0000000000
9632000000.0000000000
9633000000.0000000000
9634000000.0000000000
9635000000.0000000000
9636000000.0000000000
9637000000.0000000000
9638000000.0000000000
9639000000.0000000000
9640000000.0000000000
9641000000.0000000000
9642000000.0000000000
9643000000.0000000000
9644000000.0000000000
9645000000.0000000000
9646000000.0000000000
9647000000.0000000000
9648000000.0000000000
9649000000.0000000000
9650000000.0000000000
9651000000.0000000000
9652000000.0000000000
9653000000.0000000000
9654000000.0000000000
9655000000.0000000000
9656000000.0000000000
9657000000.0000000000
9658000000.0000000000
9659000000.0000000000
9660000000.0000000000
9661000000.0000000000
9662000000.0000000000
9663000000.0000000000
9664000000.0000000000
9665000000.0000000000
9666000000.0000000000
9667000000.0000000000
9668000000.0000000000
9669000000.0000000000
9670000000.0000000000
9671000000.0000000000
9672000000.0000000000
9673000000.0000000000
9674000000.0000000000
9675000000.0000000000
9676000000.0000000000
9677000000.0000000000
9678000000.0000000000
9679000000.0000000000
9680000000.0000000000
9681000000.0000000000
9682000000.0000000000
9683000000.0000000000
9684000000.0000000000
9685000000.0000000000
9686000000.0000000000
9687000000.0000000000
9688000000.0000000000
9689000000.0000000000
9690000000.0000000000
9691000000.0000000000
9692000000.0000000000
9693000000.0000000000
9694000000.0000000000
9695000000.0000000000
9696000000.0000000000
9697000000.0000000000
9698000000.0000000000
9699000000.0000000000
9700000000.0000000000
9701000000.0000000000
9702000000.0000000000
9703000000.0000000000
9704000000.0000000000
9705000000.0000000000
9706000000.0000000000
9707000000.0000000000
9708000000.0000000000
9709000000.0000000000
9710000000.0000000000
9711000000.0000000000
9712000000.0000000000
9713000000.0000000000
9714000000.0000000000
9715000000.0000000000
9716000000.0000000000
9717000000.0000000000
9718000000.0000000000
9719000000.0000000000
9720000000.0000000000
9721000000.0000000000
9722000000.0000000000
9723000000.0000000000
9724000000.0000000000
9725000000.0000000000
9726000000.0000000000
9727000000.0000000000
9728000000.0000000000
9729000000.0000000000
9730000000.0000000000
9731000000.0000000000
9732000000.0000000000
9733000000.0000000000
9734000000.0000000000
9735000000.0000000000
9736000000.0000000000
9737000000.0000000000
9738000000.0000000000
9739000000.0000000000
9740000000.0000000000
9741000000.0000000000
9742000000.0000000000
9743000000.0000000000
9744000000.0000000000
9745000000.0000000000
9746000000.0000000000
9747000000.0000000000
9748000000.0000000000
9749000000.0000000000
9750000000.0000000000
9751000000.0000000000
9752000000.0000000000
9753000000.0000000000
9754000000.0000000000
9755000000.0000000000
9756000000.0000000000
9757000000.0000000000
9758000000.0000000000
9759000000.0000000000
9760000000.0000000000
9761000000.0000000000
9762000000.0000000000
9763000000.0000000000
9764000000.0000000000
9765000000.0000000000
9766000000.0000000000
9767000000.0000000000
9768000000.0000000000
9769000000.0000000000
9770000000.0000000000
9771000000.0000000000
9772000000.0000000000
9773000000.0000000000
9774000000.0000000000
9775000000.0000000000
9776000000.0000000000
9777000000.0000000000
9778000000.0000000000
9779000000.0000000000
9780000000.0000000000
9781000000.0000000000
9782000000.0000000000
9783000000.0000000000
9784000000.0000000000
9785000000.0000000000
9786000000.0000000000
9787000000.0000000000
9788000000.0000000000
9789000000.0000000000
9790000000.0000000000
9791000000.0000000000
9792000000.0000000000
9793000000.0000000000
9794000000.0000000000
9795000000.0000000000
9796000000.0000000000
9797000000.0000000000
9798000000.0000000000
9799000000.0000000000
9800000000.0000000000
9801000000.0000000000
9802000000.0000000000
9803000000.0000000000
9804000000.0000000000
9805000000.0000000000
9806000000.0000000000
9807000000.0000000000
9808000000.0000000000
9809000000.0000000000
9810000000.0000000000
9811000000.0000000000
9812000000.0000000000
9813000000.0000000000
9814000000.0000000000
9815000000.0000000000
9816000000.0000000000
9817000000.0000000000
9818000000.0000000000
9819000000.0000000000
9820000000.0000000000
9821000000.0000000000
9822000000.0000000000
9823000000.0000000000
9824000000.0000000000
9825000000.0000000000
9826000000.0000000000
9827000000.0000000000
9828000000.0000000000
9829000000.0000000000
9830000000.0000000000
9831000000.0000000000
9832000000.0000000000
9833000000.0000000000
9834000000.0000000000
9835000000.0000000000
9836000000.0000000000
9837000000.0000000000
9838000000.0000000000
9839000000.0000000000
9840000000.0000000000
9841000000.0000000000
9842000000.0000000000
9843000000.0000000000
9844000000.0000000000
9845000000.0000000000
9846000000.0000000000
9847000000.0000000000
9848000000.0000000000
9849000000.0000000000
9850000000.0000000000
9851000000.0000000000
9852000000.0000000000
9853000000.0000000000
9854000000.0000000000
9855000000.0000000000
9856000000.0000000000
9857000000.0000000000
9858000000.0000000000
9859000000.0000000000
9860000000.0000000000
9861000000.0000000000
9862000000.0000000000
9863000000.0000000000
9864000000.0000000000
9865000000.0000000000
9866000000.0000000000
9867000000.0000000000
9868000000.0000000000
9869000000.0000000000
9870000000.0000000000
9871000000.0000000000
9872000000.0000000000
9873000000.0000000000
9874000000.0000000000
9875000000.0000000000
9876000000.0000000000
9877000000.0000000000
9878000000.0000000000
9879000000.0000000000
9880000000.0000000000
9881000000.0000000000
9882000000.0000000000
9883000000.0000000000
9884000000.0000000000
9885000000.0000000000
9886000000.0000000000
9887000000.0000000000
9888000000.0000000000
9889000000.0000000000
9890000000.0000000000
9891000000.0000000000
9892000000.0000000000
9893000000.0000000000
9894000000.0000000000
9895000000.0000000000
9896000000.0000000000
9897000000.0000000000
9898000000.0000000000
9899000000.0000000000
9900000000.0000000000
9901000000.0000000000
9902000000.0000000000
9903000000.0000000000
9904000000.0000000000
9905000000.0000000000
9906000000.0000000000
9907000000.0000000000
9908000000.0000000000
9909000000.0000000000
9910000000.0000000000
9911000000.0000000000
9912000000.0000000000
9913000000.0000000000
9914000000.0000000000
9915000000.0000000000
9916000000.0000000000
9917000000.0000000000
9918000000.0000000000
9919000000.0000000000
9920000000.0000000000
9921000000.0000000000
9922000000.0000000000
9923000000.0000000000
9924000000.0000000000
9925000000.0000000000
9926000000.0000000000
9927000000.0000000000
9928000000.0000000000
9929000000.0000000000
9930000000.0000000000
9931000000.0000000000
9932000000.0000000000
9933000000.0000000000
9934000000.0000000000
9935000000.0000000000
9936000000.0000000000
9937000000.0000000000
9938000000.0000000000
9939000000.0000000000
9940000000.0000000000
9941000000.0000000000
9942000000.0000000000
9943000000.0000000000
9944000000.0000000000
9945000000.0000000000
9946000000.0000000000
9947000000.0000000000
9948000000.0000000000
9949000000.0000000000
9950000000.0000000000
9951000000.0000000000
9952000000.0000000000
9953000000.0000000000
9954000000.0000000000
9955000000.0000000000
9956000000.0000000000
9957000000.0000000000
9958000000.0000000000
9959000000.0000000000
9960000000.0000000000
9961000000.0000000000
9962000000.0000000000
9963000000.0000000000
9964000000.0000000000
9965000000.0000000000
9966000000.0000000000
9967000000.0000000000
9968000000.0000000000
9969000000.0000000000
9970000000.0000000000
9971000000.0000000000
9972000000.0000000000
9973000000.0000000000
9974000000.0000000000
9975000000.0000000000
9976000000.0000000000
9977000000.0000000000
9978000000.0000000000
9979000000.0000000000
9980000000.0000000000
9981000000.0000000000
9982000000.0000000000
9983000000.0000000000
9984000000.0000000000
9985000000.0000000000
9986000000.0000000000
9987000000.0000000000
9988000000.0000000000
9989000000.0000000000
9990000000.0000000000
9991000000.0000000000
9992000000.0000000000
9993000000.0000000000
9994000000.0000000000
9995000000.0000000000
9996000000.0000000000
9997000000.0000000000
9998000000.0000000000
9999000000.0000000000
10000000000.0000000000
10001000000.0000000000
10002000000.0000000000
10003000000.0000000000
10004000000.0000000000
10005000000.0000000000
10006000000.0000000000
10007000000.0000000000
10008000000.0000000000
10009000000.0000000000
10010000000.0000000000
10011000000.0000000000
10012000000.0000000000
10013000000.0000000000
10014000000.0000000000
10015000000.0000000000
10016000000.0000000000
10017000000.0000000000
10018000000.0000000000
10019000000.0000000000
10020000000.0000000000
10021000000.0000000000
10022000000.0000000000
10023000000.0000000000
10024000000.0000000000
10025000000.0000000000
10026000000.0000000000
10027000000.0000000000
10028000000.0000000000
10029000000.0000000000
10030000000.0000000000
10031000000.0000000000
10032000000.0000000000
10033000000.0000000000
10034000000.0000000000
10035000000.0000000000
10036000000.0000000000
10037000000.0000000000
10038000000.0000000000
10039000000.0000000000
10040000000.0000000000
10041000000.0000000000
10042000000.0000000000
10043000000.0000000000
10044000000.0000000000
10045000000.0000000000
10046000000.0000000000
10047000000.0000000000
10048000000.0000000000
10049000000.0000000000
10050000000.0000000000
10051000000.0000000000
10052000000.0000000000
10053000000.0000000000
10054000000.0000000000
10055000000.0000000000
10056000000.0000000000
10057000000.0000000000
10058000000.0000000000
10059000000.0000000000
10060000000.0000000000
10061000000.0000000000
10062000000.0000000000
10063000000.0000000000
10064000000.0000000000
10065000000.0000000000
10066000000.0000000000
10067000000.0000000000
10068000000.0000000000
10069000000.0000000000
10070000000.0000000000
10071000000.0000000000
10072000000.0000000000
10073000000.0000000000
10074000000.0000000000
10075000000.0000000000
10076000000.0000000000
10077000000.0000000000
10078000000.0000000000
10079000000.0000000000
10080000000.0000000000
10081000000.0000000000
10082000000.0000000000
10083000000.0000000000
10084000000.0000000000
10085000000.0000000000
10086000000.0000000000
10087000000.0000000000
10088000000.0000000000
10089000000.0000000000
10090000000.0000000000
10091000000.0000000000
10092000000.0000000000
10093000000.0000000000
10094000000.0000000000
10095000000.0000000000
10096000000.0000000000
10097000000.0000000000
10098000000.0000000000
10099000000.0000000000
10100000000.0000000000
10101000000.0000000000
10102000000.0000000000
10103000000.0000000000
10104000000.0000000000
10105000000.0000000000
10106000000.0000000000
10107000000.0000000000
10108000000.0000000000
10109000000.0000000000
10110000000.0000000000
10111000000.0000000000
10112000000.0000000000
10113000000.0000000000
10114000000.0000000000
10115000000.0000000000
10116000000.0000000000
10117000000.0000000000
10118000000.0000000000
10119000000.0000000000
10120000000.0000000000
10121000000.0000000000
10122000000.0000000000
10123000000.0000000000
10124000000.0000000000
10125000000.0000000000
10126000000.0000000000
10127000000.0000000000
10128000000.0000000000
10129000000.0000000000
10130000000.0000000000
10131000000.0000000000
10132000000.0000000000
10133000000.0000000000
10134000000.0000000000
10135000000.0000000000
10136000000.0000000000
10137000000.0000000000
10138000000.0000000000
10139000000.0000000000
10140000000.0000000000
10141000000.0000000000
10142000000.0000000000
10143000000.0000000000
10144000000.0000000000
10145000000.0000000000
10146000000.0000000000
10147000000.0000000000
10148000000.0000000000
10149000000.0000000000
10150000000.0000000000
10151000000.0000000000
10152000000.0000000000
10153000000.0000000000
10154000000.0000000000
10155000000.0000000000
10156000000.0000000000
10157000000.0000000000
10158000000.0000000000
10159000000.0000000000
10160000000.0000000000
10161000000.0000000000
10162000000.0000000000
10163000000.0000000000
10164000000.0000000000
10165000000.0000000000
10166000000.0000000000
10167000000.0000000000
10168000000.0000000000
10169000000.0000000000
10170000000.0000000000
10171000000.0000000000
10172000000.0000000000
10173000000.0000000000
10174000000.0000000000
10175000000.0000000000
10176000000.0000000000
10177000000.0000000000
10178000000.0000000000
10179000000.0000000000
10180000000.0000000000
10181000000.0000000000
10182000000.0000000000
10183000000.0000000000
10184000000.0000000000
10185000000.0000000000
10186000000.0000000000
10187000000.0000000000
10188000000.0000000000
10189000000.0000000000
10190000000.0000000000
10191000000.0000000000
10192000000.0000000000
10193000000.0000000000
10194000000.0000000000
10195000000.0000000000
10196000000.0000000000
10197000000.0000000000
10198000000.0000000000
10199000000.0000000000
10200000000.0000000000
10201000000.0000000000
10202000000.0000000000
10203000000.0000000000
10204000000.0000000000
10205000000.0000000000
10206000000.0000000000
10207000000.0000000000
10208000000.0000000000
10209000000.0000000000
10210000000.0000000000
10211000000.0000000000
10212000000.0000000000
10213000000.0000000000
10214000000.0000000000
10215000000.0000000000
10216000000.0000000000
10217000000.0000000000
10218000000.0000000000
10219000000.0000000000
10220000000.0000000000
10221000000.0000000000
10222000000.0000000000
10223000000.0000000000
10224000000.0000000000
10225000000.0000000000
10226000000.0000000000
10227000000.0000000000
10228000000.0000000000
10229000000.0000000000
10230000000.0000000000
10231000000.0000000000
10232000000.0000000000
10233000000.0000000000
10234000000.0000000000
10235000000.0000000000
10236000000.0000000000
10237000000.0000000000
10238000000.0000000000
10239000000.0000000000
10240000000.0000000000
10241000000.0000000000
10242000000.0000000000
10243000000.0000000000
10244000000.0000000000
10245000000.0000000000
10246000000.0000000000
10247000000.0000000000
10248000000.0000000000
10249000000.0000000000
10250000000.0000000000
10251000000.0000000000
10252000000.0000000000
10253000000.0000000000
10254000000.0000000000
10255000000.0000000000
10256000000.0000000000
10257000000.0000000000
10258000000.0000000000
10259000000.0000000000
10260000000.0000000000
10261000000.0000000000
10262000000.0000000000
10263000000.0000000000
10264000000.0000000000
10265000000.0000000000
10266000000.0000000000
10267000000.0000000000
10268000000.0000000000
10269000000.0000000000
10270000000.0000000000
10271000000.0000000000
10272000000.0000000000
10273000000.0000000000
10274000000.0000000000
10275000000.0000000000
10276000000.0000000000
10277000000.0000000000
10278000000.0000000000
10279000000.0000000000
10280000000.0000000000
10281000000.0000000000
10282000000.0000000000
10283000000.0000000000
10284000000.0000000000
10285000000.0000000000
10286000000.0000000000
10287000000.0000000000
10288000000.0000000000
10289000000.0000000000
10290000000.0000000000
10291000000.0000000000
10292000000.0000000000
10293000000.0000000000
10294000000.0000000000
10295000000.0000000000
10296000000.0000000000
10297000000.0000000000
10298000000.0000000000
10299000000.0000000000
10300000000.0000000000
10301000000.0000000000
10302000000.0000000000
10303000000.0000000000
10304000000.0000000000
10305000000.0000000000
10306000000.0000000000
10307000000.0000000000
10308000000.0000000000
10309000000.0000000000
10310000000.0000000000
10311000000.0000000000
10312000000.0000000000
10313000000.0000000000
10314000000.0000000000
10315000000.0000000000
10316000000.0000000000
10317000000.0000000000
10318000000.0000000000
10319000000.0000000000
10320000000.0000000000
10321000000.0000000000
10322000000.0000000000
10323000000.0000000000
10324000000.0000000000
10325000000.0000000000
10326000000.0000000000
10327000000.0000000000
10328000000.0000000000
10329000000.0000000000
10330000000.0000000000
10331000000.0000000000
10332000000.0000000000
10333000000.0000000000
10334000000.0000000000
10335000000.0000000000
10336000000.0000000000
10337000000.0000000000
10338000000.0000000000
10339000000.0000000000
10340000000.0000000000
10341000000.0000000000
10342000000.0000000000
10343000000.0000000000
10344000000.0000000000
10345000000.0000000000
10346000000.0000000000
10347000000.0000000000
10348000000.0000000000
10349000000.0000000000
10350000000.0000000000
10351000000.0000000000
10352000000.0000000000
10353000000.0000000000
10354000000.0000000000
10355000000.0000000000
10356000000.0000000000
10357000000.0000000000
10358000000.0000000000
10359000000.0000000000
10360000000.0000000000
10361000000.0000000000
10362000000.0000000000
10363000000.0000000000
10364000000.0000000000
10365000000.0000000000
10366000000.0000000000
10367000000.0000000000
10368000000.0000000000
10369000000.0000000000
10370000000.0000000000
10371000000.0000000000
10372000000.0000000000
10373000000.0000000000
10374000000.0000000000
10375000000.0000000000
10376000000.0000000000
10377000000.0000000000
10378000000.0000000000
10379000000.0000000000
10380000000.0000000000
10381000000.0000000000
10382000000.0000000000
10383000000.0000000000
10384000000.0000000000
10385000000.0000000000
10386000000.0000000000
10387000000.0000000000
10388000000.0000000000
10389000000.0000000000
10390000000.0000000000
10391000000.0000000000
10392000000.0000000000
10393000000.0000000000
10394000000.0000000000
10395000000.0000000000
10396000000.0000000000
10397000000.0000000000
10398000000.0000000000
10399000000.0000000000
10400000000.0000000000
10401000000.0000000000
10402000000.0000000000
10403000000.0000000000
10404000000.0000000000
10405000000.0000000000
10406000000.0000000000
10407000000.0000000000
10408000000.0000000000
10409000000.0000000000
10410000000.0000000000
10411000000.0000000000
10412000000.0000000000
10413000000.0000000000
10414000000.0000000000
10415000000.0000000000
10416000000.0000000000
10417000000.0000000000
10418000000.0000000000
10419000000.0000000000
10420000000.0000000000
10421000000.0000000000
10422000000.0000000000
10423000000.0000000000
10424000000.0000000000
10425000000.0000000000
10426000000.0000000000
10427000000.0000000000
10428000000.0000000000
10429000000.0000000000
10430000000.0000000000
10431000000.0000000000
10432000000.0000000000
10433000000.0000000000
10434000000.0000000000
10435000000.0000000000
10436000000.0000000000
10437000000.0000000000
10438000000.0000000000
10439000000.0000000000
10440000000.0000000000
10441000000.0000000000
10442000000.0000000000
10443000000.0000000000
10444000000.0000000000
10445000000.0000000000
10446000000.0000000000
10447000000.0000000000
10448000000.0000000000
10449000000.0000000000
10450000000.0000000000
10451000000.0000000000
10452000000.0000000000
10453000000.0000000000
10454000000.0000000000
10455000000.0000000000
10456000000.0000000000
10457000000.0000000000
10458000000.0000000000
10459000000.0000000000
10460000000.0000000000
10461000000.0000000000
10462000000.0000000000
10463000000.0000000000
10464000000.0000000000
10465000000.0000000000
10466000000.0000000000
10467000000.0000000000
10468000000.0000000000
10469000000.0000000000
10470000000.0000000000
10471000000.0000000000
10472000000.0000000000
10473000000.0000000000
10474000000.0000000000
10475000000.0000000000
10476000000.0000000000
10477000000.0000000000
10478000000.0000000000
10479000000.0000000000
10480000000.0000000000
10481000000.0000000000
10482000000.0000000000
10483000000.0000000000
10484000000.0000000000
10485000000.0000000000
10486000000.0000000000
10487000000.0000000000
10488000000.0000000000
10489000000.0000000000
10490000000.0000000000
10491000000.0000000000
10492000000.0000000000
10493000000.0000000000
10494000000.0000000000
10495000000.0000000000
10496000000.0000000000
10497000000.0000000000
10498000000.0000000000
10499000000.0000000000
10500000000.0000000000
10501000000.0000000000
10502000000.0000000000
10503000000.0000000000
10504000000.0000000000
10505000000.0000000000
10506000000.0000000000
10507000000.0000000000
10508000000.0000000000
10509000000.0000000000
10510000000.0000000000
10511000000.0000000000
10512000000.0000000000
10513000000.0000000000
10514000000.0000000000
10515000000.0000000000
10516000000.0000000000
10517000000.0000000000
10518000000.0000000000
10519000000.0000000000
10520000000.0000000000
10521000000.0000000000
10522000000.0000000000
10523000000.0000000000
10524000000.0000000000
10525000000.0000000000
10526000000.0000000000
10527000000.0000000000
10528000000.0000000000
10529000000.0000000000
10530000000.0000000000
10531000000.0000000000
10532000000.0000000000
10533000000.0000000000
10534000000.0000000000
10535000000.0000000000
10536000000.0000000000
10537000000.0000000000
10538000000.0000000000
10539000000.0000000000
10540000000.0000000000
10541000000.0000000000
10542000000.0000000000
10543000000.0000000000
10544000000.0000000000
10545000000.0000000000
10546000000.0000000000
10547000000.0000000000
10548000000.0000000000
10549000000.0000000000
10550000000.0000000000
10551000000.0000000000
10552000000.0000000000
10553000000.0000000000
10554000000.0000000000
10555000000.0000000000
10556000000.0000000000
10557000000.0000000000
10558000000.0000000000
10559000000.0000000000
10560000000.0000000000
10561000000.0000000000
10562000000.0000000000
10563000000.0000000000
10564000000.0000000000
10565000000.0000000000
10566000000.0000000000
10567000000.0000000000
10568000000.0000000000
10569000000.0000000000
10570000000.0000000000
10571000000.0000000000
10572000000.0000000000
10573000000.0000000000
10574000000.0000000000
10575000000.0000000000
10576000000.0000000000
10577000000.0000000000
10578000000.0000000000
10579000000.0000000000
10580000000.0000000000
10581000000.0000000000
10582000000.0000000000
10583000000.0000000000
10584000000.0000000000
10585000000.0000000000
10586000000.0000000000
10587000000.0000000000
10588000000.0000000000
10589000000.0000000000
10590000000.0000000000
10591000000.0000000000
10592000000.0000000000
10593000000.0000000000
10594000000.0000000000
10595000000.0000000000
10596000000.0000000000
10597000000.0000000000
10598000000.0000000000
10599000000.0000000000
10600000000.0000000000
10601000000.0000000000
10602000000.0000000000
10603000000.0000000000
10604000000.0000000000
10605000000.0000000000
10606000000.0000000000
10607000000.0000000000
10608000000.0000000000
10609000000.0000000000
10610000000.0000000000
10611000000.0000000000
10612000000.0000000000
10613000000.0000000000
10614000000.0000000000
10615000000.0000000000
10616000000.0000000000
10617000000.0000000000
10618000000.0000000000
10619000000.0000000000
10620000000.0000000000
10621000000.0000000000
10622000000.0000000000
10623000000.0000000000
10624000000.0000000000
10625000000.0000000000
10626000000.0000000000
10627000000.0000000000
10628000000.0000000000
10629000000.0000000000
10630000000.0000000000
10631000000.0000000000
10632000000.0000000000
10633000000.0000000000
10634000000.0000000000
10635000000.0000000000
10636000000.0000000000
10637000000.0000000000
10638000000.0000000000
10639000000.0000000000
10640000000.0000000000
10641000000.0000000000
10642000000.0000000000
10643000000.0000000000
10644000000.0000000000
10645000000.0000000000
10646000000.0000000000
10647000000.0000000000
10648000000.0000000000
10649000000.0000000000
10650000000.0000000000
10651000000.0000000000
10652000000.0000000000
10653000000.0000000000
10654000000.0000000000
10655000000.0000000000
10656000000.0000000000
10657000000.0000000000
10658000000.0000000000
10659000000.0000000000
10660000000.0000000000
10661000000.0000000000
10662000000.0000000000
10663000000.0000000000
10664000000.0000000000
10665000000.0000000000
10666000000.0000000000
10667000000.0000000000
10668000000.0000000000
10669000000.0000000000
10670000000.0000000000
10671000000.0000000000
10672000000.0000000000
10673000000.0000000000
10674000000.0000000000
10675000000.0000000000
10676000000.0000000000
10677000000.0000000000
10678000000.0000000000
10679000000.0000000000
10680000000.0000000000
10681000000.0000000000
10682000000.0000000000
10683000000.0000000000
10684000000.0000000000
10685000000.0000000000
10686000000.0000000000
10687000000.0000000000
10688000000.0000000000
10689000000.0000000000
10690000000.0000000000
10691000000.0000000000
10692000000.0000000000
10693000000.0000000000
10694000000.0000000000
10695000000.0000000000
10696000000.0000000000
10697000000.0000000000
10698000000.0000000000
10699000000.0000000000
10700000000.0000000000
10701000000.0000000000
10702000000.0000000000
10703000000.0000000000
10704000000.0000000000
10705000000.0000000000
10706000000.0000000000
10707000000.0000000000
10708000000.0000000000
10709000000.0000000000
10710000000.0000000000
10711000000.0000000000
10712000000.0000000000
10713000000.0000000000
10714000000.0000000000
10715000000.0000000000
10716000000.0000000000
10717000000.0000000000
10718000000.0000000000
10719000000.0000000000
10720000000.0000000000
10721000000.0000000000
10722000000.0000000000
10723000000.0000000000
10724000000.0000000000
10725000000.0000000000
10726000000.0000000000
10727000000.0000000000
10728000000.0000000000
10729000000.0000000000
10730000000.0000000000
10731000000.0000000000
10732000000.0000000000
10733000000.0000000000
10734000000.0000000000
10735000000.0000000000
10736000000.0000000000
10737000000.0000000000
10738000000.0000000000
10739000000.0000000000
10740000000.0000000000
10741000000.0000000000
10742000000.0000000000
10743000000.0000000000
10744000000.0000000000
10745000000.0000000000
10746000000.0000000000
10747000000.0000000000
10748000000.0000000000
10749000000.0000000000
10750000000.0000000000
10751000000.0000000000
10752000000.0000000000
10753000000.0000000000
10754000000.0000000000
10755000000.0000000000
10756000000.0000000000
10757000000.0000000000
10758000000.0000000000
10759000000.0000000000
10760000000.0000000000
10761000000.0000000000
10762000000.0000000000
10763000000.0000000000
10764000000.0000000000
10765000000.0000000000
10766000000.0000000000
10767000000.0000000000
10768000000.0000000000
10769000000.0000000000
10770000000.0000000000
10771000000.0000000000
10772000000.0000000000
10773000000.0000000000
10774000000.0000000000
10775000000.0000000000
10776000000.0000000000
10777000000.0000000000
10778000000.0000000000
10779000000.0000000000
10780000000.0000000000
10781000000.0000000000
10782000000.0000000000
10783000000.0000000000
10784000000.0000000000
10785000000.0000000000
10786000000.0000000000
10787000000.0000000000
10788000000.0000000000
10789000000.0000000000
10790000000.0000000000
10791000000.0000000000
10792000000.0000000000
10793000000.0000000000
10794000000.0000000000
10795000000.0000000000
10796000000.0000000000
10797000000.0000000000
10798000000.0000000000
10799000000.0000000000
10800000000.0000000000
10801000000.0000000000
10802000000.0000000000
10803000000.0000000000
10804000000.0000000000
10805000000.0000000000
10806000000.0000000000
10807000000.0000000000
10808000000.0000000000
10809000000.0000000000
10810000000.0000000000
10811000000.0000000000
10812000000.0000000000
10813000000.0000000000
10814000000.0000000000
10815000000.0000000000
10816000000.0000000000
10817000000.0000000000
10818000000.0000000000
10819000000.0000000000
10820000000.0000000000
10821000000.0000000000
10822000000.0000000000
10823000000.0000000000
10824000000.0000000000
10825000000.0000000000
10826000000.0000000000
10827000000.0000000000
10828000000.0000000000
10829000000.0000000000
10830000000.0000000000
10831000000.0000000000
10832000000.0000000000
10833000000.0000000000
10834000000.0000000000
10835000000.0000000000
10836000000.0000000000
10837000000.0000000000
10838000000.0000000000
10839000000.0000000000
10840000000.0000000000
10841000000.0000000000
10842000000.0000000000
10843000000.0000000000
10844000000.0000000000
10845000000.0000000000
10846000000.0000000000
10847000000.0000000000
10848000000.0000000000
10849000000.0000000000
10850000000.0000000000
10851000000.0000000000
10852000000.0000000000
10853000000.0000000000
10854000000.0000000000
10855000000.0000000000
10856000000.0000000000
10857000000.0000000000
10858000000.0000000000
10859000000.0000000000
10860000000.0000000000
10861000000.0000000000
10862000000.0000000000
10863000000.0000000000
10864000000.0000000000
10865000000.0000000000
10866000000.0000000000
10867000000.0000000000
10868000000.0000000000
10869000000.0000000000
10870000000.0000000000
10871000000.0000000000
10872000000.0000000000
10873000000.0000000000
10874000000.0000000000
10875000000.0000000000
10876000000.0000000000
10877000000.0000000000
10878000000.0000000000
10879000000.0000000000
10880000000.0000000000
10881000000.0000000000
10882000000.0000000000
10883000000.0000000000
10884000000.0000000000
10885000000.0000000000
10886000000.0000000000
10887000000.0000000000
10888000000.0000000000
10889000000.0000000000
10890000000.0000000000
10891000000.0000000000
10892000000.0000000000
10893000000.0000000000
10894000000.0000000000
10895000000.0000000000
10896000000.0000000000
10897000000.0000000000
10898000000.0000000000
10899000000.0000000000
10900000000.0000000000
10901000000.0000000000
10902000000.0000000000
10903000000.0000000000
10904000000.0000000000
10905000000.0000000000
10906000000.0000000000
10907000000.0000000000
10908000000.0000000000
10909000000.0000000000
10910000000.0000000000
10911000000.0000000000
10912000000.0000000000
10913000000.0000000000
10914000000.0000000000
10915000000.0000000000
10916000000.0000000000
10917000000.0000000000
10918000000.0000000000
10919000000.0000000000
10920000000.0000000000
10921000000.0000000000
10922000000.0000000000
10923000000.0000000000
10924000000.0000000000
10925000000.0000000000
10926000000.0000000000
10927000000.0000000000
10928000000.0000000000
10929000000.0000000000
10930000000.0000000000
10931000000.0000000000
10932000000.0000000000
10933000000.0000000000
10934000000.0000000000
10935000000.0000000000
10936000000.0000000000
10937000000.0000000000
10938000000.0000000000
10939000000.0000000000
10940000000.0000000000
10941000000.0000000000
10942000000.0000000000
10943000000.0000000000
10944000000.0000000000
10945000000.0000000000
10946000000.0000000000
10947000000.0000000000
10948000000.0000000000
10949000000.0000000000
10950000000.0000000000
10951000000.0000000000
10952000000.0000000000
10953000000.0000000000
10954000000.0000000000
10955000000.0000000000
10956000000.0000000000
10957000000.0000000000
10958000000.0000000000
10959000000.0000000000
10960000000.0000000000
10961000000.0000000000
10962000000.0000000000
10963000000.0000000000
10964000000.0000000000
10965000000.0000000000
10966000000.0000000000
10967000000.0000000000
10968000000.0000000000
10969000000.0000000000
10970000000.0000000000
10971000000.0000000000
10972000000.0000000000
10973000000.0000000000
10974000000.0000000000
10975000000.0000000000
10976000000.0000000000
10977000000.0000000000
10978000000.0000000000
10979000000.0000000000
10980000000.0000000000
10981000000.0000000000
10982000000.0000000000
10983000000.0000000000
10984000000.0000000000
10985000000.0000000000
10986000000.0000000000
10987000000.0000000000
10988000000.0000000000
10989000000.0000000000
10990000000.0000000000
10991000000.0000000000
10992000000.0000000000
10993000000.0000000000
10994000000.0000000000
10995000000.0000000000
10996000000.0000000000
10997000000.0000000000
10998000000.0000000000
10999000000.0000000000
11000000000.0000000000
11001000000.0000000000
11002000000.0000000000
11003000000.0000000000
11004000000.0000000000
11005000000.0000000000
11006000000.0000000000
11007000000.0000000000
11008000000.0000000000
11009000000.0000000000
11010000000.0000000000
11011000000.0000000000
11012000000.0000000000
11013000000.0000000000
11014000000.0000000000
11015000000.0000000000
11016000000.0000000000
11017000000.0000000000
11018000000.0000000000
11019000000.0000000000
11020000000.0000000000
11021000000.0000000000
11022000000.0000000000
11023000000.0000000000
11024000000.0000000000
11025000000.0000000000
11026000000.0000000000
11027000000.0000000000
11028000000.0000000000
11029000000.0000000000
11030000000.0000000000
11031000000.0000000000
11032000000.0000000000
11033000000.0000000000
11034000000.0000000000
11035000000.0000000000
11036000000.0000000000
11037000000.0000000000
11038000000.0000000000
11039000000.0000000000
11040000000.0000000000
11041000000.0000000000
11042000000.0000000000
11043000000.0000000000
11044000000.0000000000
11045000000.0000000000
11046000000.0000000000
11047000000.0000000000
11048000000.0000000000
11049000000.0000000000
11050000000.0000000000
11051000000.0000000000
11052000000.0000000000
11053000000.0000000000
11054000000.0000000000
11055000000.0000000000
11056000000.0000000000
11057000000.0000000000
11058000000.0000000000
11059000000.0000000000
11060000000.0000000000
11061000000.0000000000
11062000000.0000000000
11063000000.0000000000
11064000000.0000000000
11065000000.0000000000
11066000000.0000000000
11067000000.0000000000
11068000000.0000000000
11069000000.0000000000
11070000000.0000000000
11071000000.0000000000
11072000000.0000000000
11073000000.0000000000
11074000000.0000000000
11075000000.0000000000
11076000000.0000000000
11077000000.0000000000
11078000000.0000000000
11079000000.0000000000
11080000000.0000000000
11081000000.0000000000
11082000000.0000000000
11083000000.0000000000
11084000000.0000000000
11085000000.0000000000
11086000000.0000000000
11087000000.0000000000
11088000000.0000000000
11089000000.0000000000
11090000000.0000000000
11091000000.0000000000
11092000000.0000000000
11093000000.0000000000
11094000000.0000000000
11095000000.0000000000
11096000000.0000000000
11097000000.0000000000
11098000000.0000000000
11099000000.0000000000
11100000000.0000000000
11101000000.0000000000
11102000000.0000000000
11103000000.0000000000
11104000000.0000000000
11105000000.0000000000
11106000000.0000000000
11107000000.0000000000
11108000000.0000000000
11109000000.0000000000
11110000000.0000000000
11111000000.0000000000
11112000000.0000000000
11113000000.0000000000
11114000000.0000000000
11115000000.0000000000
11116000000.0000000000
11117000000.0000000000
11118000000.0000000000
11119000000.0000000000
11120000000.0000000000
11121000000.0000000000
11122000000.0000000000
11123000000.0000000000
11124000000.0000000000
11125000000.0000000000
11126000000.0000000000
11127000000.0000000000
11128000000.0000000000
11129000000.0000000000
11130000000.0000000000
11131000000.0000000000
11132000000.0000000000
11133000000.0000000000
11134000000.0000000000
11135000000.0000000000
11136000000.0000000000
11137000000.0000000000
11138000000.0000000000
11139000000.0000000000
11140000000.0000000000
11141000000.0000000000
11142000000.0000000000
11143000000.0000000000
11144000000.0000000000
11145000000.0000000000
11146000000.0000000000
11147000000.0000000000
11148000000.0000000000
11149000000.0000000000
11150000000.0000000000
11151000000.0000000000
11152000000.0000000000
11153000000.0000000000
11154000000.0000000000
11155000000.0000000000
11156000000.0000000000
11157000000.0000000000
11158000000.0000000000
11159000000.0000000000
11160000000.0000000000
11161000000.0000000000
11162000000.0000000000
11163000000.0000000000
11164000000.0000000000
11165000000.0000000000
11166000000.0000000000
11167000000.0000000000
11168000000.0000000000
11169000000.0000000000
11170000000.0000000000
11171000000.0000000000
11172000000.0000000000
11173000000.0000000000
11174000000.0000000000
11175000000.0000000000
11176000000.0000000000
11177000000.0000000000
11178000000.0000000000
11179000000.0000000000
11180000000.0000000000
11181000000.0000000000
11182000000.0000000000
11183000000.0000000000
11184000000.0000000000
11185000000.0000000000
11186000000.0000000000
11187000000.0000000000
11188000000.0000000000
11189000000.0000000000
11190000000.0000000000
11191000000.0000000000
11192000000.0000000000
11193000000.0000000000
11194000000.0000000000
11195000000.0000000000
11196000000.0000000000
11197000000.0000000000
11198000000.0000000000
11199000000.0000000000
11200000000.0000000000
11201000000.0000000000
11202000000.0000000000
11203000000.0000000000
11204000000.0000000000
11205000000.0000000000
11206000000.0000000000
11207000000.0000000000
11208000000.0000000000
11209000000.0000000000
11210000000.0000000000
11211000000.0000000000
11212000000.0000000000
11213000000.0000000000
11214000000.0000000000
11215000000.0000000000
11216000000.0000000000
11217000000.0000000000
11218000000.0000000000
11219000000.0000000000
11220000000.0000000000
11221000000.0000000000
11222000000.0000000000
11223000000.0000000000
11224000000.0000000000
11225000000.0000000000
11226000000.0000000000
11227000000.0000000000
11228000000.0000000000
11229000000.0000000000
11230000000.0000000000
11231000000.0000000000
11232000000.0000000000
11233000000.0000000000
11234000000.0000000000
11235000000.0000000000
11236000000.0000000000
11237000000.0000000000
11238000000.0000000000
11239000000.0000000000
11240000000.0000000000
11241000000.0000000000
11242000000.0000000000
11243000000.0000000000
11244000000.0000000000
11245000000.0000000000
11246000000.0000000000
11247000000.0000000000
11248000000.0000000000
11249000000.0000000000
11250000000.0000000000
11251000000.0000000000
11252000000.0000000000
11253000000.0000000000
11254000000.0000000000
11255000000.0000000000
11256000000.0000000000
11257000000.0000000000
11258000000.0000000000
11259000000.0000000000
11260000000.0000000000
11261000000.0000000000
11262000000.0000000000
11263000000.0000000000
11264000000.0000000000
11265000000.0000000000
11266000000.0000000000
11267000000.0000000000
11268000000.0000000000
11269000000.0000000000
11270000000.0000000000
11271000000.0000000000
11272000000.0000000000
11273000000.0000000000
11274000000.0000000000
11275000000.0000000000
11276000000.0000000000
11277000000.0000000000
11278000000.0000000000
11279000000.0000000000
11280000000.0000000000
11281000000.0000000000
11282000000.0000000000
11283000000.0000000000
11284000000.0000000000
11285000000.0000000000
11286000000.0000000000
11287000000.0000000000
11288000000.0000000000
11289000000.0000000000
11290000000.0000000000
11291000000.0000000000
11292000000.0000000000
11293000000.0000000000
11294000000.0000000000
11295000000.0000000000
11296000000.0000000000
11297000000.0000000000
11298000000.0000000000
11299000000.0000000000
11300000000.0000000000
11301000000.0000000000
11302000000.0000000000
11303000000.0000000000
11304000000.0000000000
11305000000.0000000000
11306000000.0000000000
11307000000.0000000000
11308000000.0000000000
11309000000.0000000000
11310000000.0000000000
11311000000.0000000000
11312000000.0000000000
11313000000.0000000000
11314000000.0000000000
11315000000.0000000000
11316000000.0000000000
11317000000.0000000000
11318000000.0000000000
11319000000.0000000000
11320000000.0000000000
11321000000.0000000000
11322000000.0000000000
11323000000.0000000000
11324000000.0000000000
11325000000.0000000000
11326000000.0000000000
11327000000.0000000000
11328000000.0000000000
11329000000.0000000000
11330000000.0000000000
11331000000.0000000000
11332000000.0000000000
11333000000.0000000000
11334000000.0000000000
11335000000.0000000000
11336000000.0000000000
11337000000.0000000000
11338000000.0000000000
11339000000.0000000000
11340000000.0000000000
11341000000.0000000000
11342000000.0000000000
11343000000.0000000000
11344000000.0000000000
11345000000.0000000000
11346000000.0000000000
11347000000.0000000000
11348000000.0000000000
11349000000.0000000000
11350000000.0000000000
11351000000.0000000000
11352000000.0000000000
11353000000.0000000000
11354000000.0000000000
11355000000.0000000000
11356000000.0000000000
11357000000.0000000000
11358000000.0000000000
11359000000.0000000000
11360000000.0000000000
11361000000.0000000000
11362000000.0000000000
11363000000.0000000000
11364000000.0000000000
11365000000.0000000000
11366000000.0000000000
11367000000.0000000000
11368000000.0000000000
11369000000.0000000000
11370000000.0000000000
11371000000.0000000000
11372000000.0000000000
11373000000.0000000000
11374000000.0000000000
11375000000.0000000000
11376000000.0000000000
11377000000.0000000000
11378000000.0000000000
11379000000.0000000000
11380000000.0000000000
11381000000.0000000000
11382000000.0000000000
11383000000.0000000000
11384000000.0000000000
11385000000.0000000000
11386000000.0000000000
11387000000.0000000000
11388000000.0000000000
11389000000.0000000000
11390000000.0000000000
11391000000.0000000000
11392000000.0000000000
11393000000.0000000000
11394000000.0000000000
11395000000.0000000000
11396000000.0000000000
11397000000.0000000000
11398000000.0000000000
11399000000.0000000000
11400000000.0000000000
11401000000.0000000000
11402000000.0000000000
11403000000.0000000000
11404000000.0000000000
11405000000.0000000000
11406000000.0000000000
11407000000.0000000000
11408000000.0000000000
11409000000.0000000000
11410000000.0000000000
11411000000.0000000000
11412000000.0000000000
11413000000.0000000000
11414000000.0000000000
11415000000.0000000000
11416000000.0000000000
11417000000.0000000000
11418000000.0000000000
11419000000.0000000000
11420000000.0000000000
11421000000.0000000000
11422000000.0000000000
11423000000.0000000000
11424000000.0000000000
11425000000.0000000000
11426000000.0000000000
11427000000.0000000000
11428000000.0000000000
11429000000.0000000000
11430000000.0000000000
11431000000.0000000000
11432000000.0000000000
11433000000.0000000000
11434000000.0000000000
11435000000.0000000000
11436000000.0000000000
11437000000.0000000000
11438000000.0000000000
11439000000.0000000000
11440000000.0000000000
11441000000.0000000000
11442000000.0000000000
11443000000.0000000000
11444000000.0000000000
11445000000.0000000000
11446000000.0000000000
11447000000.0000000000
11448000000.0000000000
11449000000.0000000000
11450000000.0000000000
11451000000.0000000000
11452000000.0000000000
11453000000.0000000000
11454000000.0000000000
11455000000.0000000000
11456000000.0000000000
11457000000.0000000000
11458000000.0000000000
11459000000.0000000000
11460000000.0000000000
11461000000.0000000000
11462000000.0000000000
11463000000.0000000000
11464000000.0000000000
11465000000.0000000000
11466000000.0000000000
11467000000.0000000000
11468000000.0000000000
11469000000.0000000000
11470000000.0000000000
11471000000.0000000000
11472000000.0000000000
11473000000.0000000000
11474000000.0000000000
11475000000.0000000000
11476000000.0000000000
11477000000.0000000000
11478000000.0000000000
11479000000.0000000000
11480000000.0000000000
11481000000.0000000000
11482000000.0000000000
11483000000.0000000000
11484000000.0000000000
11485000000.0000000000
11486000000.0000000000
11487000000.0000000000
11488000000.0000000000
11489000000.0000000000
11490000000.0000000000
11491000000.0000000000
11492000000.0000000000
11493000000.0000000000
11494000000.0000000000
11495000000.0000000000
11496000000.0000000000
11497000000.0000000000
11498000000.0000000000
11499000000.0000000000
11500000000.0000000000
11501000000.0000000000
11502000000.0000000000
11503000000.0000000000
11504000000.0000000000
11505000000.0000000000
11506000000.0000000000
11507000000.0000000000
11508000000.0000000000
11509000000.0000000000
11510000000.0000000000
11511000000.0000000000
11512000000.0000000000
11513000000.0000000000
11514000000.0000000000
11515000000.0000000000
11516000000.0000000000
11517000000.0000000000
11518000000.0000000000
11519000000.0000000000
11520000000.0000000000
11521000000.0000000000
11522000000.0000000000
11523000000.0000000000
11524000000.0000000000
11525000000.0000000000
11526000000.0000000000
11527000000.0000000000
11528000000.0000000000
11529000000.0000000000
11530000000.0000000000
11531000000.0000000000
11532000000.0000000000
11533000000.0000000000
11534000000.0000000000
11535000000.0000000000
11536000000.0000000000
11537000000.0000000000
11538000000.0000000000
11539000000.0000000000
11540000000.0000000000
11541000000.0000000000
11542000000.0000000000
11543000000.0000000000
11544000000.0000000000
11545000000.0000000000
11546000000.0000000000
11547000000.0000000000
11548000000.0000000000
11549000000.0000000000
11550000000.0000000000
11551000000.0000000000
11552000000.0000000000
11553000000.0000000000
11554000000.0000000000
11555000000.0000000000
11556000000.0000000000
11557000000.0000000000
11558000000.0000000000
11559000000.0000000000
11560000000.0000000000
11561000000.0000000000
11562000000.0000000000
11563000000.0000000000
11564000000.0000000000
11565000000.0000000000
11566000000.0000000000
11567000000.0000000000
11568000000.0000000000
11569000000.0000000000
11570000000.0000000000
11571000000.0000000000
11572000000.0000000000
11573000000.0000000000
11574000000.0000000000
11575000000.0000000000
11576000000.0000000000
11577000000.0000000000
11578000000.0000000000
11579000000.0000000000
11580000000.0000000000
11581000000.0000000000
11582000000.0000000000
11583000000.0000000000
11584000000.0000000000
11585000000.0000000000
11586000000.0000000000
11587000000.0000000000
11588000000.0000000000
11589000000.0000000000
11590000000.0000000000
11591000000.0000000000
11592000000.0000000000
11593000000.0000000000
11594000000.0000000000
11595000000.0000000000
11596000000.0000000000
11597000000.0000000000
11598000000.0000000000
11599000000.0000000000
11600000000.0000000000
11601000000.0000000000
11602000000.0000000000
11603000000.0000000000
11604000000.0000000000
11605000000.0000000000
11606000000.0000000000
11607000000.0000000000
11608000000.0000000000
11609000000.0000000000
11610000000.0000000000
11611000000.0000000000
11612000000.0000000000
11613000000.0000000000
11614000000.0000000000
11615000000.0000000000
11616000000.0000000000
11617000000.0000000000
11618000000.0000000000
11619000000.0000000000
11620000000.0000000000
11621000000.0000000000
11622000000.0000000000
11623000000.0000000000
11624000000.0000000000
11625000000.0000000000
11626000000.0000000000
11627000000.0000000000
11628000000.0000000000
11629000000.0000000000
11630000000.0000000000
11631000000.0000000000
11632000000.0000000000
11633000000.0000000000
11634000000.0000000000
11635000000.0000000000
11636000000.0000000000
11637000000.0000000000
11638000000.0000000000
11639000000.0000000000
11640000000.0000000000
11641000000.0000000000
11642000000.0000000000
11643000000.0000000000
11644000000.0000000000
11645000000.0000000000
11646000000.0000000000
11647000000.0000000000
11648000000.0000000000
11649000000.0000000000
11650000000.0000000000
11651000000.0000000000
11652000000.0000000000
11653000000.0000000000
11654000000.0000000000
11655000000.0000000000
11656000000.0000000000
11657000000.0000000000
11658000000.0000000000
11659000000.0000000000
11660000000.0000000000
11661000000.0000000000
11662000000.0000000000
11663000000.0000000000
11664000000.0000000000
11665000000.0000000000
11666000000.0000000000
11667000000.0000000000
11668000000.0000000000
11669000000.0000000000
11670000000.0000000000
11671000000.0000000000
11672000000.0000000000
11673000000.0000000000
11674000000.0000000000
11675000000.0000000000
11676000000.0000000000
11677000000.0000000000
11678000000.0000000000
11679000000.0000000000
11680000000.0000000000
11681000000.0000000000
11682000000.0000000000
11683000000.0000000000
11684000000.0000000000
11685000000.0000000000
11686000000.0000000000
11687000000.0000000000
11688000000.0000000000
11689000000.0000000000
11690000000.0000000000
11691000000.0000000000
11692000000.0000000000
11693000000.0000000000
11694000000.0000000000
11695000000.0000000000
11696000000.0000000000
11697000000.0000000000
11698000000.0000000000
11699000000.0000000000
11700000000.0000000000
11701000000.0000000000
11702000000.0000000000
11703000000.0000000000
11704000000.0000000000
11705000000.0000000000
11706000000.0000000000
11707000000.0000000000
11708000000.0000000000
11709000000.0000000000
11710000000.0000000000
11711000000.0000000000
11712000000.0000000000
11713000000.0000000000
11714000000.0000000000
11715000000.0000000000
11716000000.0000000000
11717000000.0000000000
11718000000.0000000000
11719000000.0000000000
11720000000.0000000000
11721000000.0000000000
11722000000.0000000000
11723000000.0000000000
11724000000.0000000000
11725000000.0000000000
11726000000.0000000000
11727000000.0000000000
11728000000.0000000000
11729000000.0000000000
11730000000.0000000000
11731000000.0000000000
11732000000.0000000000
11733000000.0000000000
11734000000.0000000000
11735000000.0000000000
11736000000.0000000000
11737000000.0000000000
11738000000.0000000000
11739000000.0000000000
11740000000.0000000000
11741000000.0000000000
11742000000.0000000000
11743000000.0000000000
11744000000.0000000000
11745000000.0000000000
11746000000.0000000000
11747000000.0000000000
11748000000.0000000000
11749000000.0000000000
11750000000.0000000000
11751000000.0000000000
11752000000.0000000000
11753000000.0000000000
11754000000.0000000000
11755000000.0000000000
11756000000.0000000000
11757000000.0000000000
11758000000.0000000000
11759000000.0000000000
11760000000.0000000000
11761000000.0000000000
11762000000.0000000000
11763000000.0000000000
11764000000.0000000000
11765000000.0000000000
11766000000.0000000000
11767000000.0000000000
11768000000.0000000000
11769000000.0000000000
11770000000.0000000000
11771000000.0000000000
11772000000.0000000000
11773000000.0000000000
11774000000.0000000000
11775000000.0000000000
11776000000.0000000000
11777000000.0000000000
11778000000.0000000000
11779000000.0000000000
11780000000.0000000000
11781000000.0000000000
11782000000.0000000000
11783000000.0000000000
11784000000.0000000000
11785000000.0000000000
11786000000.0000000000
11787000000.0000000000
11788000000.0000000000
11789000000.0000000000
11790000000.0000000000
11791000000.0000000000
11792000000.0000000000
11793000000.0000000000
11794000000.0000000000
11795000000.0000000000
11796000000.0000000000
11797000000.0000000000
11798000000.0000000000
11799000000.0000000000
