10000000000.0000000000
10001000448.0000000000
10001999872.0000000000
10003000320.0000000000
10003999744.0000000000
10005000192.0000000000
10005999616.0000000000
10007000064.0000000000
10008000512.0000000000
10008999936.0000000000
10010000384.0000000000
10010999808.0000000000
10012000256.0000000000
10012999680.0000000000
10014000128.0000000000
10014999552.0000000000
10016000000.0000000000
10017000448.0000000000
10017999872.0000000000
10019000320.0000000000
10019999744.0000000000
10021000192.0000000000
10021999616.0000000000
10023000064.0000000000
10023999488.0000000000
10024999936.0000000000
10026000384.0000000000
10026999808.0000000000
10028000256.0000000000
10028999680.0000000000
10030000128.0000000000
10030999552.0000000000
10032000000.0000000000
10033000448.0000000000
10033999872.0000000000
10035000320.0000000000
10035999744.0000000000
10037000192.0000000000
10037999616.0000000000
10039000064.0000000000
10040000512.0000000000
10040999936.0000000000
10042000384.0000000000
10042999808.0000000000
10044000256.0000000000
10044999680.0000000000
10046000128.0000000000
10046999552.0000000000
10048000000.0000000000
10049000448.0000000000
10049999872.0000000000
10051000320.0000000000
10051999744.0000000000
10053000192.0000000000
10053999616.0000000000
10055000064.0000000000
10055999488.0000000000
10056999936.0000000000
10058000384.0000000000
10058999808.0000000000
10060000256.0000000000
10060999680.0000000000
10062000128.0000000000
10062999552.0000000000
10064000000.0000000000
10065000448.0000000000
10065999872.0000000000
10067000320.0000000000
10067999744.0000000000
10069000192.0000000000
10069999616.0000000000
10071000064.0000000000
10072000512.0000000000
10072999936.0000000000
10074000384.0000000000
10074999808.0000000000
10076000256.0000000000
10076999680.0000000000
10078000128.0000000000
10078999552.0000000000
10080000000.0000000000
10081000448.0000000000
10081999872.0000000000
10083000320.0000000000
10083999744.0000000000
10085000192.0000000000
10085999616.0000000000
10087000064.0000000000
10087999488.0000000000
10088999936.0000000000
10090000384.0000000000
10090999808.0000000000
10092000256.0000000000
10092999680.0000000000
10094000128.0000000000
10094999552.0000000000
10096000000.0000000000
10097000448.0000000000
10097999872.0000000000
10099000320.0000000000
10099999744.0000000000
10101000192.0000000000
10101999616.0000000000
10103000064.0000000000
10104000512.0000000000
10104999936.0000000000
10106000384.0000000000
10106999808.0000000000
10108000256.0000000000
10108999680.0000000000
10110000128.0000000000
10110999552.0000000000
10112000000.0000000000
10113000448.0000000000
10113999872.0000000000
10115000320.0000000000
10115999744.0000000000
10117000192.0000000000
10117999616.0000000000
10119000064.0000000000
10119999488.0000000000
10120999936.0000000000
10122000384.0000000000
10122999808.0000000000
10124000256.0000000000
10124999680.0000000000
10126000128.0000000000
10126999552.0000000000
10128000000.0000000000
10129000448.0000000000
10129999872.0000000000
10131000320.0000000000
10131999744.0000000000
10133000192.0000000000
10133999616.0000000000
10135000064.0000000000
10136000512.0000000000
10136999936.0000000000
10138000384.0000000000
10138999808.0000000000
10140000256.0000000000
10140999680.0000000000
10142000128.0000000000
10142999552.0000000000
10144000000.0000000000
10145000448.0000000000
10145999872.0000000000
10147000320.0000000000
10147999744.0000000000
10149000192.0000000000
10149999616.0000000000
10151000064.0000000000
10151999488.0000000000
10152999936.0000000000
10154000384.0000000000
10154999808.0000000000
10156000256.0000000000
10156999680.0000000000
10158000128.0000000000
10158999552.0000000000
10160000000.0000000000
10161000448.0000000000
10161999872.0000000000
10163000320.0000000000
10163999744.0000000000
10165000192.0000000000
10165999616.0000000000
10167000064.0000000000
10168000512.0000000000
10168999936.0000000000
10170000384.0000000000
10170999808.0000000000
10172000256.0000000000
10172999680.0000000000
10174000128.0000000000
10174999552.0000000000
10176000000.0000000000
10177000448.0000000000
10177999872.0000000000
10179000320.0000000000
10179999744.0000000000
10181000192.0000000000
10181999616.0000000000
10183000064.0000000000
10183999488.0000000000
10184999936.0000000000
10186000384.0000000000
10186999808.0000000000
10188000256.0000000000
10188999680.0000000000
10190000128.0000000000
10190999552.0000000000
10192000000.0000000000
10193000448.0000000000
10193999872.0000000000
10195000320.0000000000
10195999744.0000000000
10197000192.0000000000
10197999616.0000000000
10199000064.0000000000
10200000512.0000000000
10200999936.0000000000
10202000384.0000000000
10202999808.0000000000
10204000256.0000000000
10204999680.0000000000
10206000128.0000000000
10206999552.0000000000
10208000000.0000000000
10209000448.0000000000
10209999872.0000000000
10211000320.0000000000
10211999744.0000000000
10213000192.0000000000
10213999616.0000000000
10215000064.0000000000
10215999488.0000000000
10216999936.0000000000
10218000384.0000000000
10218999808.0000000000
10220000256.0000000000
10220999680.0000000000
10222000128.0000000000
10222999552.0000000000
10224000000.0000000000
10225000448.0000000000
10225999872.0000000000
10227000320.0000000000
10227999744.0000000000
10229000192.0000000000
10229999616.0000000000
10231000064.0000000000
10232000512.0000000000
10232999936.0000000000
10234000384.0000000000
10234999808.0000000000
10236000256.0000000000
10236999680.0000000000
10238000128.0000000000
10238999552.0000000000
10240000000.0000000000
10241000448.0000000000
10241999872.0000000000
10243000320.0000000000
10243999744.0000000000
10245000192.0000000000
10245999616.0000000000
10247000064.0000000000
10247999488.0000000000
10248999936.0000000000
10250000384.0000000000
10250999808.0000000000
10252000256.0000000000
10252999680.0000000000
10254000128.0000000000
10254999552.0000000000
10256000000.0000000000
10257000448.0000000000
10257999872.0000000000
10259000320.0000000000
10259999744.0000000000
10261000192.0000000000
10261999616.0000000000
10263000064.0000000000
10264000512.0000000000
10264999936.0000000000
10266000384.0000000000
10266999808.0000000000
10268000256.0000000000
10268999680.0000000000
10270000128.0000000000
10270999552.0000000000
10272000000.0000000000
10273000448.0000000000
10273999872.0000000000
10275000320.0000000000
10275999744.0000000000
10277000192.0000000000
10277999616.0000000000
10279000064.0000000000
10279999488.0000000000
10280999936.0000000000
10282000384.0000000000
10282999808.0000000000
10284000256.0000000000
10284999680.0000000000
10286000128.0000000000
10286999552.0000000000
10288000000.0000000000
10289000448.0000000000
10289999872.0000000000
10291000320.0000000000
10291999744.0000000000
10293000192.0000000000
10293999616.0000000000
10295000064.0000000000
10296000512.0000000000
10296999936.0000000000
10298000384.0000000000
10298999808.0000000000
10300000256.0000000000
10300999680.0000000000
10302000128.0000000000
10302999552.0000000000
10304000000.0000000000
10305000448.0000000000
10305999872.0000000000
10307000320.0000000000
10307999744.0000000000
10309000192.0000000000
10309999616.0000000000
10311000064.0000000000
10311999488.0000000000
10312999936.0000000000
10314000384.0000000000
10314999808.0000000000
10316000256.0000000000
10316999680.0000000000
10318000128.0000000000
10318999552.0000000000
10320000000.0000000000
10321000448.0000000000
10321999872.0000000000
10323000320.0000000000
10323999744.0000000000
10325000192.0000000000
10325999616.0000000000
10327000064.0000000000
10328000512.0000000000
10328999936.0000000000
10330000384.0000000000
10330999808.0000000000
10332000256.0000000000
10332999680.0000000000
10334000128.0000000000
10334999552.0000000000
10336000000.0000000000
10337000448.0000000000
10337999872.0000000000
10339000320.0000000000
10339999744.0000000000
10341000192.0000000000
10341999616.0000000000
10343000064.0000000000
10343999488.0000000000
10344999936.0000000000
10346000384.0000000000
10346999808.0000000000
10348000256.0000000000
10348999680.0000000000
10350000128.0000000000
10350999552.0000000000
10352000000.0000000000
10353000448.0000000000
10353999872.0000000000
10355000320.0000000000
10355999744.0000000000
10357000192.0000000000
10357999616.0000000000
10359000064.0000000000
10360000512.0000000000
10360999936.0000000000
10362000384.0000000000
10362999808.0000000000
10364000256.0000000000
10364999680.0000000000
10366000128.0000000000
10366999552.0000000000
10368000000.0000000000
10369000448.0000000000
10369999872.0000000000
10371000320.0000000000
10371999744.0000000000
10373000192.0000000000
10373999616.0000000000
10375000064.0000000000
10375999488.0000000000
10376999936.0000000000
10378000384.0000000000
10378999808.0000000000
10380000256.0000000000
10380999680.0000000000
10382000128.0000000000
10382999552.0000000000
10384000000.0000000000
10385000448.0000000000
10385999872.0000000000
10387000320.0000000000
10387999744.0000000000
10389000192.0000000000
10389999616.0000000000
10391000064.0000000000
10392000512.0000000000
10392999936.0000000000
10394000384.0000000000
10394999808.0000000000
10396000256.0000000000
10396999680.0000000000
10398000128.0000000000
10398999552.0000000000
10400000000.0000000000
10401000448.0000000000
10401999872.0000000000
10403000320.0000000000
10403999744.0000000000
10405000192.0000000000
10405999616.0000000000
10407000064.0000000000
10407999488.0000000000
10408999936.0000000000
10410000384.0000000000
10410999808.0000000000
10412000256.0000000000
10412999680.0000000000
10414000128.0000000000
10414999552.0000000000
10416000000.0000000000
10417000448.0000000000
10417999872.0000000000
10419000320.0000000000
10419999744.0000000000
10421000192.0000000000
10421999616.0000000000
10423000064.0000000000
10424000512.0000000000
10424999936.0000000000
10426000384.0000000000
10426999808.0000000000
10428000256.0000000000
10428999680.0000000000
10430000128.0000000000
10430999552.0000000000
10432000000.0000000000
10433000448.0000000000
10433999872.0000000000
10435000320.0000000000
10435999744.0000000000
10437000192.0000000000
10437999616.0000000000
10439000064.0000000000
10439999488.0000000000
10440999936.0000000000
10442000384.0000000000
10442999808.0000000000
10444000256.0000000000
10444999680.0000000000
10446000128.0000000000
10446999552.0000000000
10448000000.0000000000
10449000448.0000000000
10449999872.0000000000
10451000320.0000000000
10451999744.0000000000
10453000192.0000000000
10453999616.0000000000
10455000064.0000000000
10456000512.0000000000
10456999936.0000000000
10458000384.0000000000
10458999808.0000000000
10460000256.0000000000
10460999680.0000000000
10462000128.0000000000
10462999552.0000000000
10464000000.0000000000
10465000448.0000000000
10465999872.0000000000
10467000320.0000000000
10467999744.0000000000
10469000192.0000000000
10469999616.0000000000
10471000064.0000000000
10471999488.0000000000
10472999936.0000000000
10474000384.0000000000
10474999808.0000000000
10476000256.0000000000
10476999680.0000000000
10478000128.0000000000
10478999552.0000000000
10480000000.0000000000
10481000448.0000000000
10481999872.0000000000
10483000320.0000000000
10483999744.0000000000
10485000192.0000000000
10485999616.0000000000
10487000064.0000000000
10488000512.0000000000
10488999936.0000000000
10490000384.0000000000
10490999808.0000000000
10492000256.0000000000
10492999680.0000000000
10494000128.0000000000
10494999552.0000000000
10496000000.0000000000
10497000448.0000000000
10497999872.0000000000
10499000320.0000000000
