 -2.7000000477
 -2.7100000381
 -2.7200000286
 -2.7300000191
 -2.7400000095
 -2.7500000000
 -2.7599999905
 -2.7699999809
 -2.7799999714
 -2.7899999619
 -2.7999999523
 -2.8099999428
 -2.8199999332
 -2.8299999237
 -2.8399999142
 -2.8499999046
 -2.8599998951
 -2.8699998856
 -2.8800001144
 -2.8900001049
 -2.9000000954
 -2.9100000858
 -2.9200000763
 -2.9300000668
 -2.9400000572
 -2.9500000477
 -2.9600000381
 -2.9700000286
 -2.9800000191
 -2.9900000095
 -3.0000000000
 -3.0099999905
 -3.0199999809
 -3.0299999714
 -3.0399999619
 -3.0499999523
 -3.0599999428
 -3.0699999332
 -3.0799999237
 -3.0899999142
 -3.0999999046
 -3.1099998951
 -3.1199998856
 -3.1300001144
 -3.1400001049
 -3.1500000954
 -3.1600000858
 -3.1700000763
 -3.1800000668
 -3.1900000572
 -3.2000000477
 -3.2100000381
 -3.2200000286
 -3.2300000191
 -3.2400000095
 -3.2500000000
 -3.2599999905
 -3.2699999809
 -3.2799999714
 -3.2899999619
 -3.2999999523
 -3.3099999428
 -3.3199999332
 -3.3299999237
 -3.3399999142
 -3.3499999046
 -3.3599998951
 -3.3699998856
 -3.3800001144
 -3.3900001049
 -3.4000000954
 -3.4100000858
 -3.4200000763
 -3.4300000668
 -3.4400000572
 -3.4500000477
 -3.4600000381
 -3.4700000286
 -3.4800000191
 -3.4900000095
 -3.5000000000
 -3.5099999905
 -3.5199999809
 -3.5299999714
 -3.5399999619
 -3.5499999523
 -3.5599999428
 -3.5699999332
 -3.5799999237
 -3.5899999142
 -3.5999999046
 -3.6099998951
 -3.6199998856
 -3.6300001144
 -3.6400001049
 -3.6500000954
 -3.6600000858
 -3.6700000763
 -3.6800000668
 -3.6900000572
 -3.7000000477
 -3.7100000381
 -3.7200000286
 -3.7300000191
 -3.7400000095
 -3.7500000000
 -3.7599999905
 -3.7699999809
 -3.7799999714
 -3.7899999619
 -3.7999999523
 -3.8099999428
 -3.8199999332
 -3.8299999237
 -3.8399999142
 -3.8499999046
 -3.8599998951
 -3.8699998856
 -3.8800001144
 -3.8900001049
 -3.9000000954
 -3.9100000858
 -3.9200000763
 -3.9300000668
 -3.9400000572
 -3.9500000477
 -3.9600000381
 -3.9700000286
 -3.9800000191
 -3.9900000095
 -4.0000000000
 -4.0100002289
 -4.0199999809
 -4.0300002098
 -4.0399999619
 -4.0500001907
 -4.0599999428
 -4.0700001717
 -4.0799999237
 -4.0900001526
 -4.0999999046
 -4.1100001335
 -4.1199998856
 -4.1300001144
 -4.1399998665
 -4.1500000954
 -4.1599998474
 -4.1700000763
 -4.1799998283
 -4.1900000572
 -4.1999998093
 -4.2100000381
 -4.2199997902
 -4.2300000191
 -4.2399997711
 -4.2500000000
 -4.2600002289
 -4.2699999809
 -4.2800002098
 -4.2899999619
 -4.3000001907
 -4.3099999428
 -4.3200001717
 -4.3299999237
 -4.3400001526
 -4.3499999046
 -4.3600001335
 -4.3699998856
 -4.3800001144
 -4.3899998665
 -4.4000000954
 -4.4099998474
 -4.4200000763
 -4.4299998283
 -4.4400000572
 -4.4499998093
 -4.4600000381
 -4.4699997902
 -4.4800000191
 -4.4899997711
